   2.1104265694208779e-01	   9.4481797055294581e-01	
   1.3047269990598871e+00	   1.0043894582785435e+00	
   1.8490485147848408e+00	   1.1107671149313958e+00	
   2.3937901397321184e+00	   1.2043794527859060e+00	
   2.7557842529683105e+00	   1.3022468969065308e+00	
   2.9361511457529108e+00	   1.3703285971643560e+00	
   3.4814529163299546e+00	   1.4469205099544100e+00	
   3.6611196270773467e+00	   1.5362777415428075e+00	
   3.8406463014172987e+00	   1.6298900793973179e+00	
   4.2037607059130027e+00	   1.6937166733890301e+00	
   4.2009599777641746e+00	   1.7788187987113115e+00	
   4.7459816755263535e+00	   1.8639209240335946e+00	
   4.9253683134588639e+00	   1.9617883681542194e+00	
   5.2876424995099196e+00	   2.0511455997426151e+00	
   5.8329442700869629e+00	   2.1277375125326694e+00	
   5.8291632870860441e+00	   2.2426253817177506e+00	
   6.7395399718629916e+00	   2.3234724007739174e+00	
   7.1022342671363718e+00	   2.4000643135639712e+00	
   7.0991534661726599e+00	   2.4936766514184834e+00	
   7.2788201769200533e+00	   2.5830338830068791e+00	
   7.8228616198301424e+00	   2.6979217521919603e+00	
   8.3676032447774205e+00	   2.7915340900464707e+00	
   8.9124849061321392e+00	   2.8808913216348673e+00	
   9.4568064218571113e+00	   2.9872689782877204e+00	
   1.0549650545530262e+01	   3.0723711036100023e+00	
   1.1276999645781222e+01	   3.1659834414645127e+00	
   1.2186676148520943e+01	   3.2681059918512512e+00	
   1.2977803222226310e+01	   3.3469152724798668e+00	
   1.3692763594926301e+01	   3.4221446816734900e+00	
   1.4406715302229381e+01	   3.5280231094274788e+00	
   1.5001919583259971e+01	   3.6088250674502600e+00	
   1.5596665380019273e+01	   3.7035583975459341e+00	
   1.6191227783070012e+01	   3.8038642764707653e+00	
   1.6666951062994027e+01	   3.8818799600789675e+00	
   1.6903070462725008e+01	   3.9738270157600635e+00	
   1.7378793742649027e+01	   4.0518426993682652e+00	
   1.7853416660321869e+01	   4.1632936759514116e+00	
   1.8329323333954413e+01	   4.2357368107304563e+00	
   1.8923427252733863e+01	   4.3499740617281804e+00	
   1.9398600351532295e+01	   4.4447073918238553e+00	
   2.0112368665126848e+01	   4.5561583684070008e+00	
   2.1066107646331488e+01	   4.6425328752589401e+00	
   2.2258625236040785e+01	   4.7400524797691919e+00	
   2.2973035427615191e+01	   4.8319995354502883e+00	
   2.3209980099034535e+01	   4.8988701214001749e+00	
   2.3446649679891102e+01	   4.9740995305937981e+00	
   2.3923014837794987e+01	   5.0326112932999498e+00	
   2.4638250301057774e+01	   5.0994818792498373e+00	
   2.5114523762107378e+01	   5.1607799163705677e+00	
   2.5709636346283720e+01	   5.2443681488079266e+00	
   2.6185818110479055e+01	   5.3084524603432364e+00	
   2.6781022391509662e+01	   5.3892544183660167e+00	
   2.6897752486988320e+01	   5.4756289252179551e+00	
   2.7372558798369692e+01	   5.5815073529719434e+00	
   2.8086968989944094e+01	   5.6734544086530390e+00	
   2.8202690420025846e+01	   5.7904779340653425e+00	
   2.8438626426048298e+01	   5.8879975385755952e+00	
   2.8913341040575407e+01	   5.9966622407441630e+00	
   2.8911048619218796e+01	   6.0663191011086290e+00	
   2.9386496808580016e+01	   6.1526936079605674e+00	
   2.9981609392756358e+01	   6.2362818403979263e+00	
   3.1054829375067591e+01	   6.3254426216644433e+00	
   3.2127774266816033e+01	   6.4229622261746968e+00	
   3.2601600881122550e+01	   6.4734648350311623e+00	
   3.3367450454052126e+01	   6.5220043936949663e+00	
   3.5010718639682608e+01	   6.5603250979032346e+00	
   3.6105390002021231e+01	   6.6114193701809238e+00	
   3.7529219458334993e+01	   6.6548495016169600e+00	
   3.8185349666606186e+01	   6.7059437738946492e+00	
   3.9388227023056182e+01	   6.8004681776083746e+00	
   4.0372674563887479e+01	   6.8694454451832554e+00	
   4.1357458409284739e+01	   6.9282038583025978e+00	
   4.2451961619340402e+01	   6.9844075578080576e+00	
   4.3217306735420934e+01	   7.0482753981551687e+00	
   4.3982820003784497e+01	   7.1070338112745111e+00	
   4.4967856077606257e+01	   7.1581280835522012e+00	
   4.5733369345969834e+01	   7.2168864966715436e+00	
   4.6389163249675008e+01	   7.2781996234047712e+00	
   4.7593049519823026e+01	   7.3420674637518832e+00	
   4.8249179728094198e+01	   7.3931617360295725e+00	
   4.8576488146956279e+01	   7.4417012946933774e+00	
   4.8903460261252349e+01	   7.5004597078127215e+00	
   4.9449450724157657e+01	   7.5668822617737170e+00	
   4.9885805898546117e+01	   7.6333048157347134e+00	
   5.0431628209168430e+01	   7.7048367969234794e+00	
   5.0648796882664648e+01	   7.7687046372705915e+00	
   5.1304843014794315e+01	   7.8223536231621651e+00	
   5.2289710936333115e+01	   7.8785573226676231e+00	
   5.3713288164222369e+01	   7.9296515949453132e+00	
   5.5247089213618978e+01	   7.9628628719258110e+00	
   5.6013359167256034e+01	   7.9986288625201922e+00	
   5.7547580597360167e+01	   8.0190665714312690e+00	
   5.8861942917440054e+01	   8.0573872756395364e+00	
   5.9627876566511091e+01	   8.1033721206894569e+00	
   6.0832855826498630e+01	   8.1340286840560694e+00	
   6.2586179681353485e+01	   8.1595758201949167e+00	
   6.4231129389813987e+01	   8.1468022521254930e+00	
   6.5000005703837545e+01	   8.1033721206894569e+00	
   6.5659498957768761e+01	   8.0522778484117676e+00	
   6.5770563540691128e+01	   8.0088477169757315e+00	
   6.6210618065305610e+01	   7.9628628719258110e+00	
   6.6650504437637096e+01	   7.9219874541036601e+00	
   6.6761569020559463e+01	   7.8785573226676231e+00	
   6.7201035012183439e+01	   7.8504554729148941e+00	
   6.7750808901456296e+01	   7.8019159142510883e+00	
   6.8081312213695398e+01	   7.7533763555872843e+00	
   6.9069711333177210e+01	   7.7022820833095951e+00	
   6.9619401146308562e+01	   7.6562972382596737e+00	
   7.0168166121883374e+01	   7.6384142429624822e+00	
   7.1374742828559420e+01	   7.6205312476652916e+00	
   7.2360283359230195e+01	   7.6562972382596737e+00	
   7.3016413567501402e+01	   7.7073915105373638e+00	
   7.4001870022030673e+01	   7.7457122147456303e+00	
   7.5316400494393562e+01	   7.7789234917261290e+00	
   7.6741491092829833e+01	   7.7840329189538977e+00	
   7.8059300534711255e+01	   7.7176103649929013e+00	
   7.8390056075374858e+01	   7.6614066654874433e+00	
   7.8939745888506195e+01	   7.6154218204375228e+00	
   7.9269912896179306e+01	   7.5771011162292554e+00	
   7.9600500284559899e+01	   7.5260068439515653e+00	
   8.0040554809174409e+01	   7.4800219989016448e+00	
   8.0589656089315270e+01	   7.4519201491489167e+00	
   8.0810776341462017e+01	   7.3957164496434578e+00	
   8.1250999018359494e+01	   7.3446221773657685e+00	
   8.1142793024248135e+01	   7.3011920459297324e+00	
   8.1582931625004107e+01	   7.2526524872659266e+00	
   8.1803127039594330e+01	   7.2245506375131976e+00	
   8.2461443227544521e+01	   7.2092223558298913e+00	
   8.3119423110928707e+01	   7.2041129286021226e+00	
   8.4324822751623785e+01	   7.2219959238993132e+00	
   8.5091092705260820e+01	   7.2577619144936962e+00	
   8.5419073733254905e+01	   7.2858637642464252e+00	
   8.5965989033716710e+01	   7.3241844684546917e+00	
   8.6294138213993790e+01	   7.3471768909796529e+00	
   8.6731165997514282e+01	   7.3931617360295725e+00	
   8.7168446009459231e+01	   7.4314824402378399e+00	
   8.7496258885170320e+01	   7.4646937172183385e+00	
   8.7933286668690798e+01	   7.5106785622682590e+00	
   8.8261183620543392e+01	   7.5413351256348724e+00	
   8.8918743123220054e+01	   7.5489992664765264e+00	
   8.9796077659779485e+01	   7.5413351256348724e+00	
   9.0235459575261970e+01	   7.5157879894960278e+00	
   9.0784392703119792e+01	   7.4927955669710666e+00	
   9.1223942770885287e+01	   7.4621390036044541e+00	
   9.1444642642324538e+01	   7.4187088721684180e+00	
   9.1994500607738871e+01	   7.3676145998907288e+00	
   9.2105565190661238e+01	   7.3241844684546917e+00	
   9.2435732198334350e+01	   7.2858637642464252e+00	
   9.2656432069773601e+01	   7.2424336328103891e+00	
   9.2766908119705462e+01	   7.2168864966715445e+00	
   9.2877468245778829e+01	   7.1887846469188146e+00	
   9.3097579584227560e+01	   7.1632375107799700e+00	
   9.3537465956559018e+01	   7.1223620929578182e+00	
   9.3977184176607537e+01	   7.0865961023634361e+00	
   9.4416566092089994e+01	   7.0610489662245914e+00	
   9.5404712983147334e+01	   7.0176188347885553e+00	
   9.5953393882580642e+01	   7.0022905531052482e+00	
   9.7050335300739775e+01	   6.9844075578080576e+00	
   9.7597418753484646e+01	   7.0176188347885553e+00	
   9.7705876976020491e+01	   7.0533848253829383e+00	
   9.8033605775590075e+01	   7.0891508159773204e+00	
   9.8142316226550463e+01	   7.1172526657300494e+00	
   9.8689315603153773e+01	   7.1530186563244325e+00	
   9.8907409114206501e+01	   7.1887846469188146e+00	
   9.9563455246336176e+01	   7.2424336328103891e+00	
   1.0000115563898862e+02	   7.2679807689492337e+00	
   1.0043885603164108e+02	   7.2935279050880792e+00	
   1.0351007340451885e+02	   7.2500977736520422e+00	
   1.0351133454664136e+02	   7.2117770694437757e+00	
   1.0318007454912873e+02	   7.2833090506325400e+00	
   1.0230206740343733e+02	   7.3114109003852699e+00	
   1.0175380688471151e+02	   7.3139656139991542e+00	
   1.0384099709746546e+02	   7.1887846469188146e+00	
   1.0406161289276319e+02	   7.1479092290966637e+00	
   1.0395374320321784e+02	   7.0942602432050901e+00	
   1.0395458396463285e+02	   7.0687131070662446e+00	
   1.0417494753150609e+02	   7.0355018300857468e+00	
   1.0439497479381336e+02	   7.0125094075607857e+00	
   1.0450545084374522e+02	   6.9869622714219419e+00	
   1.0461651542666760e+02	   6.9435321399859058e+00	
   1.0494651428205769e+02	   6.9103208630054072e+00	
   1.0494769134803872e+02	   6.8745548724110241e+00	
   1.0527752205114581e+02	   6.8464530226582951e+00	
   1.0560768905881891e+02	   6.8081323184500286e+00	
   1.0549939898856606e+02	   6.7672569006278760e+00	
   1.0582965007238069e+02	   6.7263814828057242e+00	
   1.0605026586767843e+02	   6.6855060649835734e+00	
   1.0638085325605904e+02	   6.6344117927058841e+00	
   1.0671068395916613e+02	   6.6063099429531542e+00	
   1.0704143949982975e+02	   6.5501062434476962e+00	
   1.0748082141531221e+02	   6.5245591073088516e+00	
   1.0781115657526836e+02	   6.4811289758728154e+00	
   1.0781216548896636e+02	   6.4504724125062012e+00	
   1.0847132243833154e+02	   6.4095969946840494e+00	
   1.0912997493084778e+02	   6.3840498585452048e+00	
   1.0989750602660732e+02	   6.3814951449313204e+00	
   1.1088355101412711e+02	   6.4019328538423963e+00	
   1.1208836212183164e+02	   6.4376988444367793e+00	
   1.1296485589697608e+02	   6.4555818397339699e+00	
   1.1373196661202813e+02	   6.4658006941895074e+00	
   1.1417109629908609e+02	   6.4479176988923168e+00	
   1.1439112356139336e+02	   6.4249252763673566e+00	
   1.1450176776360823e+02	   6.3942687130007423e+00	
   1.1483168254285683e+02	   6.3636121496341289e+00	
   1.1527165299132979e+02	   6.3201820181980928e+00	
   1.1560148369443694e+02	   6.2920801684453638e+00	
   1.1604128599062690e+02	   6.2537594642370964e+00	
   1.1637111669373401e+02	   6.2256576144843674e+00	
   1.1659164841289024e+02	   6.1873369102761000e+00	
   1.1725055313383093e+02	   6.1541256332956014e+00	
   1.1758105644607002e+02	   6.1055860746317965e+00	
   1.1802144727525054e+02	   6.0493823751263385e+00	
   1.1813200740132390e+02	   6.0212805253736095e+00	
   1.1835262319662165e+02	   5.9804051075514577e+00	
   1.1912133135836224e+02	   5.9420844033431903e+00	
   1.1934194715365999e+02	   5.9012089855210386e+00	
   1.1978225390669894e+02	   5.8475599996294640e+00	
   1.2044065417079064e+02	   5.8296770043322734e+00	
   1.2175543687157804e+02	   5.8552241404711172e+00	
   1.2208358605185512e+02	   5.8782165629960783e+00	
   1.2241148300370776e+02	   5.9088731263626926e+00	
   1.2252061383537561e+02	   5.9242014080459988e+00	
   1.2295814607574506e+02	   5.9548579714126122e+00	
   1.2339567831611450e+02	   5.9855145347792265e+00	
   1.2372391157253310e+02	   6.0059522436903015e+00	
   1.2438071438993626e+02	   6.0366088070569157e+00	
   1.2481858293487176e+02	   6.0570465159679916e+00	
   1.2525670370823175e+02	   6.0698200840374144e+00	
   1.2624333722874202e+02	   6.0723747976512987e+00	
   1.2679193405203384e+02	   6.0596012295818760e+00	
   1.2766960489315927e+02	   6.0417182342846845e+00	
   1.2821836986873413e+02	   6.0238352389874938e+00	
   1.2843965827316387e+02	   5.9625221122542662e+00	
   1.2855072285608628e+02	   5.9190919808182301e+00	
   1.2931917878940234e+02	   5.8884354174516158e+00	
   1.2986853229796765e+02	   5.8526694268572328e+00	
   1.2987038197308067e+02	   5.7964657273517748e+00	
   1.3041990363392904e+02	   5.7555903095296239e+00	
   1.3085970593011902e+02	   5.7172696053213565e+00	
   1.3086063076767553e+02	   5.6891677555686266e+00	
   1.3119079777534864e+02	   5.6508470513603593e+00	
   1.3130135790142199e+02	   5.6227452016076302e+00	
   1.3196001039393823e+02	   5.5971980654687856e+00	
   1.3272813002268828e+02	   5.5767603565577097e+00	
   1.3382532366927197e+02	   5.5512132204188651e+00	
   1.3492234916357262e+02	   5.5307755115077892e+00	
   1.3623881338719002e+02	   5.5052283753689446e+00	
   1.3755561391537341e+02	   5.4694623847745616e+00	
   1.3810437889094828e+02	   5.4515793894773710e+00	
   1.3931196451132232e+02	   5.4030398308135652e+00	
   1.3997044885155549e+02	   5.3826021219024893e+00	
   1.4084879230181295e+02	   5.3442814176942219e+00	
   1.4150803332731968e+02	   5.3008512862581867e+00	
   1.4205688237903601e+02	   5.2804135773471108e+00	
   1.4425261489046736e+02	   5.1884438872472689e+00	
   1.4480222062745722e+02	   5.1450137558112337e+00	
   1.4337418736406840e+02	   5.2293193050694207e+00	
   1.4546112534839790e+02	   5.1118024788307350e+00	
   1.4601140369451974e+02	   5.0479346384836239e+00	
   1.4678120484609985e+02	   4.9764026572948579e+00	
   1.4667325108041297e+02	   4.9253083850171677e+00	
   1.4711305337660295e+02	   4.8869876808089012e+00	
   1.4744364076498357e+02	   4.8358934085312120e+00	
   1.4766383617957379e+02	   4.8077915587784821e+00	
   1.4799551655779393e+02	   4.7234860095202942e+00	
   1.4876464510024203e+02	   4.6723917372426049e+00	
   1.4887596191158892e+02	   4.6212974649649148e+00	
   1.4964534268246146e+02	   4.5625390518455724e+00	
   1.5030576077394920e+02	   4.4833429298151541e+00	
   1.5052612434082249e+02	   4.4501316528346555e+00	
   1.5063710484760335e+02	   4.4092562350125037e+00	
   1.5074833758280872e+02	   4.3607166763486989e+00	
   1.5140808306516442e+02	   4.3019582632293556e+00	
   1.5162895108888668e+02	   4.2534187045655507e+00	
   1.5217880905430101e+02	   4.2023244322878615e+00	
   1.5272833071514938e+02	   4.1614490144657088e+00	
   1.5360684231768982e+02	   4.1180188830296736e+00	
   1.5492322246516571e+02	   4.0950264605047133e+00	
   1.5580030477330064e+02	   4.0950264605047133e+00	
   1.5612845395357775e+02	   4.1180188830296736e+00	
   1.5711374225582404e+02	   4.1614490144657088e+00	
   1.5799023603096845e+02	   4.1793320097629012e+00	
   1.5897678547533727e+02	   4.1844414369906699e+00	
   1.6073137047231464e+02	   4.1716678689212481e+00	
   1.6380258784519242e+02	   4.1282377374852119e+00	
   1.6544736940136988e+02	   4.1205735966435570e+00	
   1.6654363821039701e+02	   4.1231283102574414e+00	
   1.6731175783914711e+02	   4.1026906013463655e+00	
   1.6753212140602034e+02	   4.0694793243658678e+00	
   1.6797150332150278e+02	   4.0439321882270223e+00	
   1.6874054778780939e+02	   3.9953926295632174e+00	
   1.6874155670150739e+02	   3.9647360661966036e+00	
   1.6962065683703830e+02	   3.9034229394633764e+00	
   1.7006054320936977e+02	   3.8625475216412246e+00	
   1.7039054206475996e+02	   3.8293362446607264e+00	
   1.7061191454533119e+02	   3.7654684043136148e+00	
   1.7094224970528731e+02	   3.7220382728775792e+00	
   1.7138331314359979e+02	   3.6453968644610448e+00	
   1.7204247009296495e+02	   3.6045214466388922e+00	
   1.7193485263184414e+02	   3.5432083199056654e+00	
   1.7226527186794175e+02	   3.4972234748557449e+00	
   1.7237600014629811e+02	   3.4640121978752467e+00	
   1.7270650345853721e+02	   3.4154726392114418e+00	
   1.7292669887312744e+02	   3.3873707894587124e+00	
   1.7292753963454243e+02	   3.3618236533198673e+00	
   1.7303868829360630e+02	   3.3158388082699468e+00	
   1.7358762142146421e+02	   3.2928463857449861e+00	
   1.7358846218287923e+02	   3.2672992496061419e+00	
   1.7424677837082942e+02	   3.2519709679228352e+00	
   1.7501430946658897e+02	   3.2494162543089509e+00	
   1.7578133610549949e+02	   3.2621898223783732e+00	
   1.7599993407340122e+02	   3.2826275312894482e+00	
   1.7643755038991219e+02	   3.3107293810421781e+00	
   1.7665606428167240e+02	   3.3337218035671383e+00	
   1.7676485880877428e+02	   3.3592689397059825e+00	
   1.7698345677667606e+02	   3.3797066486170579e+00	
   1.7720138213544575e+02	   3.4205820664392106e+00	
   1.7752902685887386e+02	   3.4589027706474775e+00	
   1.7763782138597571e+02	   3.4844499067863226e+00	
   1.7796521388097929e+02	   3.5304347518362422e+00	
   1.7796378458657378e+02	   3.5738648832722792e+00	
   1.7818145771691900e+02	   3.6224044419360841e+00	
   1.7872778448439030e+02	   3.6786081414415421e+00	
   1.7894470092946202e+02	   3.7501401226303077e+00	
   1.7894327163505650e+02	   3.7935702540663443e+00	
   1.7905172985759236e+02	   3.8293362446607264e+00	
   1.7981774758280488e+02	   3.8727663760967634e+00	
   1.8036516734011579e+02	   3.8957587986217228e+00	
   1.8069348467267585e+02	   3.9136417939189148e+00	
   1.8167902520334661e+02	   3.9494077845132978e+00	
   1.8233641655374032e+02	   3.9621813525827201e+00	
   1.8288518152931516e+02	   3.9442983572855290e+00	
   1.8321534853698824e+02	   3.9059776530772607e+00	
   1.8343730955055005e+02	   3.8242268174329577e+00	
   1.8365742088899879e+02	   3.7986796812941135e+00	
   1.8409730726133026e+02	   3.7578042634719608e+00	
   1.8420845592039416e+02	   3.7118194184220412e+00	
   1.8421047374779016e+02	   3.6505062916888136e+00	
   1.8454072483160476e+02	   3.6096308738666609e+00	
   1.8487190075297588e+02	   3.5406536062917811e+00	
   1.8498262903133227e+02	   3.5074423293112824e+00	
   1.8520400151190347e+02	   3.4435744889641713e+00	
   1.8509571144165065e+02	   3.4026990711420195e+00	
   1.8531649538923139e+02	   3.3567142260920981e+00	
   1.8542755997215377e+02	   3.3132840946560624e+00	
   1.8575814736053437e+02	   3.2621898223783732e+00	
   1.8608814621592447e+02	   3.2289785453978737e+00	
   1.8641831322359755e+02	   3.1906578411896076e+00	
   1.8696825526515340e+02	   3.1370088552980331e+00	
   1.8696934825499289e+02	   3.1037975783175349e+00	
   1.8718987997414914e+02	   3.0654768741092675e+00	
   1.8762926188963166e+02	   3.0399297379704224e+00	
   1.8773999016798803e+02	   3.0067184609899242e+00	
   1.8796026965871980e+02	   2.9760618976233104e+00	
   1.8872838928746984e+02	   2.9556241887122350e+00	
   1.8938620101857103e+02	   2.9556241887122350e+00	
   1.9026244256529094e+02	   2.9811713248510801e+00	
   1.9102888067121106e+02	   3.0118278882176930e+00	
   1.9157638450466337e+02	   3.0322655971287693e+00	
   1.9201425304959881e+02	   3.0527033060398452e+00	
   1.9256175688305115e+02	   3.0731410149509206e+00	
   1.9321898008116179e+02	   3.0910240102481117e+00	
   1.9464667703998461e+02	   3.0169373154454617e+00	
   1.9464760187754115e+02	   2.9888354656927332e+00	
   1.9464549997400360e+02	   3.0527033060398452e+00	
   1.9431583742317952e+02	   3.0756957285648050e+00	
   1.9508715194530660e+02	   2.9581789023261194e+00	
   1.9497877779891226e+02	   2.9198581981178520e+00	
   1.9508967422955160e+02	   2.8815374939095841e+00	
   1.9509043091482511e+02	   2.8585450713846243e+00	
   1.9520090696475697e+02	   2.8329979352457793e+00	
   1.9553090582014707e+02	   2.7997866582652811e+00	
   1.9564171817464495e+02	   2.7640206676708980e+00	
   1.9586182951309371e+02	   2.7384735315320530e+00	
   1.9586393141663120e+02	   2.6746056911849410e+00	
   1.9652266798528899e+02	   2.6465038414322124e+00	
   1.9663432110120186e+02	   2.5851907146989843e+00	
   1.9707454377809935e+02	   2.5340964424212942e+00	
   1.9751451422657229e+02	   2.4906663109852594e+00	
   1.9784476531038692e+02	   2.4497908931631067e+00	
   1.9806596963867514e+02	   2.3910324800437635e+00	
   1.9806672632394864e+02	   2.3680400575188036e+00	
   1.9828826695680291e+02	   2.2990627899439224e+00	
   1.9883812492221722e+02	   2.2479685176662323e+00	
   1.9894960988584711e+02	   2.1917648181607734e+00	
   1.9895078695182809e+02	   2.1559988275663917e+00	
   1.9917165497555038e+02	   2.1074592689025859e+00	
   1.9939218669470660e+02	   2.0691385646943194e+00	
   1.9939412044596111e+02	   2.0103801515749762e+00	
   1.9961414770826843e+02	   1.9873877290500146e+00	
   2.0027263204850161e+02	   1.9669500201389392e+00	
   2.0136822824839675e+02	   1.9899424426638990e+00	
   2.0180626494561523e+02	   2.0052707243472074e+00	
   2.0224413349055067e+02	   2.0257084332582824e+00	
   2.0257186229012032e+02	   2.0614744238526663e+00	
   2.0289967516583141e+02	   2.0946857008331636e+00	
   2.0289841402370885e+02	   2.1330064050414319e+00	
   2.0322555429028796e+02	   2.1866553909330047e+00	
   2.0355286270915005e+02	   2.2351949495968104e+00	
   2.0399039494951950e+02	   2.2658515129634234e+00	
   2.0409851686748934e+02	   2.3118363580133447e+00	
   2.0442473229651191e+02	   2.3935871936576478e+00	
   2.0453260198605724e+02	   2.4472361795492223e+00	
   2.0551562023248306e+02	   2.5596435785601392e+00	
   2.0595105056931502e+02	   2.6541679822738655e+00	
   2.0671664791382003e+02	   2.7103716817793244e+00	
   2.0638816242897701e+02	   2.6975981137098999e+00	
   2.0551360240508706e+02	   2.6209567052933656e+00	
   2.0573413412424330e+02	   2.5826360010850982e+00	
   2.0551688137460562e+02	   2.5213228743518705e+00	
   2.0540842315206976e+02	   2.4855568837574871e+00	
   2.0704504932252172e+02	   2.7256999634626293e+00	
   2.0792246793522264e+02	   2.7154811090070914e+00	
   2.0880047508091403e+02	   2.6873792592543619e+00	
   2.0858196118915382e+02	   2.6643868367294012e+00	
   2.0913131469771915e+02	   2.6286208461350187e+00	
   2.0957111699390921e+02	   2.5903001419267517e+00	
   2.1012063865475753e+02	   2.5494247241046000e+00	
   2.1034117037391377e+02	   2.5111040198963326e+00	
   2.1056170209307001e+02	   2.4727833156880648e+00	
   2.1100133623697698e+02	   2.4395720387075657e+00	
   2.1111340973359734e+02	   2.3654853439049157e+00	
   2.1144433342654398e+02	   2.3041722171716876e+00	
   2.1144618310165694e+02	   2.2479685176662287e+00	
   2.1232452655191440e+02	   2.2096478134579609e+00	
   2.1353177586772247e+02	   2.1713271092496944e+00	
   2.1550680850771454e+02	   2.1227875505858886e+00	
   2.1649461909420589e+02	   2.0895762736053913e+00	
   2.1759164458850654e+02	   2.0691385646943141e+00	
   2.1825122191857926e+02	   2.0154895788027396e+00	
   2.1923962103806110e+02	   1.9643953065250515e+00	
   2.1968001186724157e+02	   1.9081916070195926e+00	
   2.1990029135797332e+02	   1.8775350436529779e+00	
   2.2088919493430410e+02	   1.8111124896919812e+00	
   2.2121969824654323e+02	   1.7625729310281772e+00	
   2.2176980844038206e+02	   1.7038145179088338e+00	
   2.2473054976332801e+02	   1.6859315226116429e+00	
   2.2352540235105747e+02	   1.6603843864727970e+00	
   2.2275745087459040e+02	   1.6757126681561034e+00	
   2.2483951244271290e+02	   1.7063692315227181e+00	
   2.2516749347070697e+02	   1.7344710812754469e+00	
   2.2538575513404268e+02	   1.7651276446420616e+00	
   2.2549438150886155e+02	   1.7957842080086746e+00	
   2.2604129680932334e+02	   1.8341049122169426e+00	
   2.2625955847265908e+02	   1.8647614755835558e+00	
   2.2647748383142880e+02	   1.9056368934057082e+00	
   2.2691476384337375e+02	   1.9439575976139745e+00	
   2.2746184729611855e+02	   1.9771688745944733e+00	
   2.2768019303559586e+02	   2.0052707243472021e+00	
   2.2866590171854963e+02	   2.0359272877138168e+00	
   2.3129908239420894e+02	   1.9771688745944733e+00	
   2.2965245116291837e+02	   2.0410367149415856e+00	
   2.3074956073336060e+02	   2.0180442924166240e+00	
   2.3141006290098983e+02	   1.9362934567723211e+00	
   2.3163034239172154e+02	   1.9056368934057082e+00	
   2.3152163194076121e+02	   1.8775350436529779e+00	
   2.3185230340528329e+02	   1.8238860577614051e+00	
   2.3185339639512281e+02	   1.7906747807809058e+00	
   2.3229328276745429e+02	   1.7497993629587534e+00	
   2.3251373041046901e+02	   1.7140333723643715e+00	
   2.3251507562873300e+02	   1.6731579545422191e+00	
   2.3284583116939663e+02	   1.6169542550367602e+00	
   2.3306644696469436e+02	   1.5760788372146093e+00	
   2.3306753995453388e+02	   1.5428675602341102e+00	
   2.3328866020668070e+02	   1.4866638607286511e+00	
   2.3339972478960306e+02	   1.4432337292926161e+00	
   2.3362017243261784e+02	   1.4074677386982324e+00	
   2.3395050759257390e+02	   1.3640376072621974e+00	
   2.3482918734739735e+02	   1.3154980485983916e+00	
   2.3515910212664593e+02	   1.2848414852317769e+00	
   2.3548918505817753e+02	   1.2490754946373950e+00	
   2.3614775347455222e+02	   1.2260830721124369e+00	
   2.3691520049417025e+02	   1.2260830721124369e+00	
   2.3735298496296429e+02	   1.2490754946373968e+00	
   2.3768079783867537e+02	   1.2822867716178958e+00	
   2.3800869479052798e+02	   1.3129433349845090e+00	
   2.3811723708920533e+02	   1.3461546119650081e+00	
   2.3822594754016566e+02	   1.3742564617177366e+00	
   2.3833457391498453e+02	   1.4049130250843498e+00	
   2.3844277990909589e+02	   1.4483431565203866e+00	
   2.3866078934400713e+02	   1.4866638607286546e+00	
   2.3876924756654299e+02	   1.5224298513230365e+00	
   2.3942596630780466e+02	   1.5556411283035356e+00	
   2.3997296568440797e+02	   1.5914071188979175e+00	
   2.4051962875644534e+02	   1.6373919639478389e+00	
   2.4095749730138078e+02	   1.6578296728589144e+00	
   2.4150516928711608e+02	   1.6731579545422226e+00	
   2.4238241974753402e+02	   1.6680485273144536e+00	
   2.4315028714785964e+02	   1.6552749592450298e+00	
   2.4348045415553273e+02	   1.6169542550367635e+00	
   2.4381120969619633e+02	   1.5607505555313046e+00	
   2.4447036664556154e+02	   1.5198751377091522e+00	
   2.4480061772937614e+02	   1.4789997198870015e+00	
   2.4534997123794153e+02	   1.4432337292926178e+00	
   2.4611952016109711e+02	   1.3793658889455056e+00	
   2.4644960309262871e+02	   1.3435998983511237e+00	
   2.4699912475347705e+02	   1.3027244805289713e+00	
   2.4743859074510101e+02	   1.2746226307762427e+00	
   2.4776816921978360e+02	   1.2541849218651655e+00	
   2.4831659789079251e+02	   1.2465207810235122e+00	
   2.4908345637742005e+02	   1.2644037763207050e+00	
   2.4963104428701385e+02	   1.2822867716178958e+00	
   2.4995927754343245e+02	   1.3027244805289713e+00	
   2.5050627692003576e+02	   1.3384904711233550e+00	
   2.5116190267145794e+02	   1.4049130250843498e+00	
   2.5214618206000625e+02	   1.4789997198870015e+00	
   2.5280248042056041e+02	   1.5249845649369209e+00	
   2.5302057393161314e+02	   1.5607505555313046e+00	
   2.5356698477522596e+02	   1.6143995414228791e+00	
   2.5367586337846933e+02	   1.6373919639478389e+00	
   2.5400350810189747e+02	   1.6757126681561070e+00	
   2.5487932926790987e+02	   1.7140333723643733e+00	
   2.5619478457782924e+02	   1.7191427995921420e+00	
   2.5751057619231466e+02	   1.7140333723643733e+00	
   2.5849779824581543e+02	   1.6987050906810668e+00	
   2.5970479533319906e+02	   1.6680485273144536e+00	
   2.6025414884176439e+02	   1.6322825367200700e+00	
   2.6080375457875419e+02	   1.5888524052840332e+00	
   2.6135319216346102e+02	   1.5505317010757669e+00	
   2.6201192873211875e+02	   1.5224298513230365e+00	
   2.6245189918059174e+02	   1.4789997198870015e+00	
   2.6300125268915707e+02	   1.4432337292926178e+00	
   2.6333108339226419e+02	   1.4151318795398893e+00	
   2.6410012785857077e+02	   1.3665923208760835e+00	
   2.6410147307683479e+02	   1.3257169030539311e+00	
   2.6487068569542430e+02	   1.2720679171623566e+00	
   2.6552950634022352e+02	   1.2414113537957434e+00	
   2.6585942111947219e+02	   1.2107547904291305e+00	
   2.6640902685646199e+02	   1.1673246589930935e+00	
   2.6662888596648628e+02	   1.1494416636959026e+00	
   2.6750689311217764e+02	   1.1213398139431723e+00	
   2.6838405949645420e+02	   1.1187851003292879e+00	
   2.6893156332990651e+02	   1.1392228092403649e+00	
   2.6925971251018359e+02	   1.1622152317653247e+00	
   2.6936850703728544e+02	   1.1877623679041689e+00	
   2.6958618016763063e+02	   1.2363019265679747e+00	
   2.6980427367868333e+02	   1.2720679171623566e+00	
   2.7013158209754545e+02	   1.3206074758261621e+00	
   2.7056718058666036e+02	   1.4100224523121203e+00	
   2.7078451741243958e+02	   1.4687808654314620e+00	
   2.7100261092349228e+02	   1.5045468560258457e+00	
   2.7132949896164695e+02	   1.5658599827590733e+00	
   2.7143753680347533e+02	   1.6143995414228791e+00	
   2.7198470433236162e+02	   1.6450561047894920e+00	
   2.7253128332825742e+02	   1.6935956634532978e+00	
   2.7296898372090988e+02	   1.7191427995921420e+00	
   2.7329662844433795e+02	   1.7574635038004101e+00	
   2.7472113050978373e+02	   1.7804559263253699e+00	
   2.7549000682380733e+02	   1.7370257948893348e+00	
   2.7614933192545550e+02	   1.6910409498394134e+00	
   2.7615361980867203e+02	   1.5607505555313046e+00	
   2.7615168605741752e+02	   1.6195089686506479e+00	
   2.7637389929940389e+02	   1.5300939921646899e+00	
   2.7670507522077492e+02	   1.4611167245898087e+00	
   2.7692602732063864e+02	   1.4100224523121203e+00	
   2.7692745661504415e+02	   1.3665923208760835e+00	
   2.7725762362271729e+02	   1.3282716166678155e+00	
   2.7758854731566396e+02	   1.2669584899345876e+00	
   2.7780941533938619e+02	   1.2184189312707836e+00	
   2.7857972094781525e+02	   1.1315586683987116e+00	
   2.7858224323206025e+02	   1.0549172599821757e+00	
   2.7858459736402227e+02	   9.8338527879341009e-01	
   2.7913495978628561e+02	   9.1696272483241348e-01	
   2.7913706168982316e+02	   8.5309488448530124e-01	
   2.7979773200973540e+02	   7.6623462161322919e-01	
   2.8056702870446645e+02	   7.1003092210777019e-01	
   2.8122601750154865e+02	   6.7426493151338840e-01	
   2.8122727864367118e+02	   6.3594422730512035e-01	
   2.8243360312192272e+02	   6.2572537284958263e-01	
   2.8309040593932593e+02	   6.5638193621619567e-01	
   2.8396589080077234e+02	   7.0492149488000144e-01	
   2.8429303106735142e+02	   7.5857048077157596e-01	
   2.8429076101153089e+02	   8.2754774834645706e-01	
   2.8483734000742669e+02	   8.7608730701026283e-01	
   2.8483624701758720e+02	   9.0929858399076025e-01	
   2.8516178983747778e+02	   1.0114871285461404e+00	
   2.8537946296782297e+02	   1.0600266872099444e+00	
   2.8592604196371889e+02	   1.1085662458737502e+00	
   2.8603374350098119e+02	   1.1673246589930935e+00	
   2.8647060313221863e+02	   1.2184189312707836e+00	
   2.8668878071941288e+02	   1.2516302082512811e+00	
   2.8734541538453306e+02	   1.2873961988456648e+00	
   2.8811151718588707e+02	   1.3282716166678155e+00	
   2.8865969362847147e+02	   1.3282716166678155e+00	
   2.9085315608408223e+02	   1.3052791941428556e+00	
   2.9140242551650613e+02	   1.2720679171623566e+00	
   2.9261051559372919e+02	   1.2082000768152459e+00	
   2.9315944872158701e+02	   1.1852076542902845e+00	
   2.9458504377687234e+02	   1.1749887998347468e+00	
   2.9557066838368462e+02	   1.2082000768152459e+00	
   2.9666643273586277e+02	   1.2260830721124369e+00	
   3.0094557203368061e+02	   1.1238945275570567e+00	
   3.0039621852511527e+02	   1.1596605181514403e+00	
   2.9984703316883292e+02	   1.1903170815180533e+00	
   2.9907874538779981e+02	   1.2158642176568992e+00	
   2.9831087798747427e+02	   1.2286377857263213e+00	
   3.0149467331382141e+02	   1.0957926778043281e+00	
   3.0149593445594394e+02	   1.0574719735960600e+00	
   3.0204486758380176e+02	   1.0344795510711002e+00	
   3.0347079894365305e+02	   1.0140418421600248e+00	
   3.0533451477229835e+02	   1.0165965557739094e+00	
   3.0577221516495075e+02	   1.0421436919127536e+00	
   3.0719696945882100e+02	   1.0574719735960603e+00	
   3.0785494934220526e+02	   1.0523625463682913e+00	
   3.0818461189302928e+02	   1.0293701238433317e+00	
   3.0840505953604412e+02	   9.9360413324894803e-01	
   3.0884511406065860e+02	   9.4761928819902830e-01	
   3.0917502883990716e+02	   9.1696272483241359e-01	
   3.0939581278748790e+02	   8.7097787978249230e-01	
   3.0994533444833627e+02	   8.3010246196033977e-01	
   3.0983721253036640e+02	   7.8411761691042026e-01	
   3.1038673419121471e+02	   7.4324219908826783e-01	
   3.1093659215662905e+02	   6.9214792681057768e-01	
   3.1148678642660940e+02	   6.3083480007735160e-01	
   3.1181720566270701e+02	   5.8484995502743031e-01	
   3.1214745674652170e+02	   5.4397453720527789e-01	
   3.1258767942341916e+02	   4.9288026492758946e-01	
   3.1335605128059370e+02	   4.6477841517485913e-01	
   3.1478013296533192e+02	   5.0054440576924275e-01	
   3.1576600980056872e+02	   5.2609154190808693e-01	
   3.1631309325331358e+02	   5.5930281888858435e-01	
   3.1696863492859421e+02	   6.2828008646346545e-01	
   3.1751529800063156e+02	   6.7426493151338673e-01	
   3.1762358807088447e+02	   7.1514034933553916e-01	
   3.1795098056588807e+02	   7.6112519438545878e-01	
   3.1805742096102790e+02	   8.5820431171307010e-01	
   3.1838464530374847e+02	   9.0929858399076025e-01	
   3.1882184123955193e+02	   9.5017400181291101e-01	
   3.1936858838773077e+02	   9.9360413324894803e-01	
   3.2013578317892427e+02	   1.0012682740906012e+00	
   3.2134328472315684e+02	   9.5528342904067987e-01	
   3.2156356421388864e+02	   9.2462686567406682e-01	
   3.2200387096692754e+02	   8.7097787978249230e-01	
   3.2222515937135734e+02	   8.0966475304926444e-01	
   3.2222633643733832e+02	   7.7389876245488254e-01	
   3.2266630688581125e+02	   7.3046863101884574e-01	
   3.2277762369715816e+02	   6.7937435874115559e-01	
   3.2310821108553876e+02	   6.2828008646346545e-01	
   3.2354801338172882e+02	   5.8995938225519917e-01	
   3.2344047999674939e+02	   5.2609154190808693e-01	
   3.2355171273195481e+02	   4.7755198324428128e-01	
   3.2377216037496959e+02	   4.4178599264989937e-01	
   3.2388347718631644e+02	   3.9069172037220923e-01	
   3.2388457017615599e+02	   3.5748044339171003e-01	
   3.2399563475907837e+02	   3.1405031195567490e-01	
   3.2421641870665911e+02	   2.6806546690575361e-01	
   3.2443745488266433e+02	   2.1441648101417907e-01	
   3.2476770596647890e+02	   1.7354106319202836e-01	
   3.2487935908239177e+02	   1.1222793645880054e-01	
   3.2488062022451430e+02	   7.3907232250532501e-02	
   3.2499176888357823e+02	   2.7922387200611219e-02	
   3.2532193589125131e+02	  -1.0398317007655070e-02	
   3.2576190633972425e+02	  -5.3828448443691945e-02	
   3.2642081106066496e+02	  -8.7039725424189390e-02	
   3.2718909884169807e+02	  -1.1258686156303359e-01	
   3.2784724687736525e+02	  -1.2280571601857301e-01	
   3.2839542331994960e+02	  -1.2280571601857301e-01	
   3.2894233862041136e+02	  -8.4485011810304975e-02	
   3.2927057187683005e+02	  -6.4047302899229622e-02	
   3.2937953455621494e+02	  -4.3609593988152513e-02	
   3.2959771214340913e+02	  -1.0398317007655060e-02	
   3.3025207675270877e+02	   9.4344941161609616e-02	
   3.3112672085274016e+02	   1.6843163596425953e-01	
   3.3145453372845122e+02	   2.0164291294475697e-01	
   3.3221878585469238e+02	   2.9872203027236843e-01	
   3.3156231934185513e+02	   2.5784661245021595e-01	
   3.3210730089106249e+02	   3.5492572977782560e-01	
   3.3287264600714303e+02	   4.1879357012493784e-01	
   3.3331001009522947e+02	   4.5455956071932146e-01	
   3.3396664476034965e+02	   4.9032555131370337e-01	
   3.3451423266994357e+02	   5.0820854661089609e-01	
   3.3528151153727856e+02	   5.1331797383866495e-01	
   3.3659637831420741e+02	   5.3631039636362465e-01	
   3.3747287208935194e+02	   5.5419339166081560e-01	
   3.3802054407508723e+02	   5.6952167334412385e-01	
   3.3889703785023164e+02	   5.8740466864131480e-01	
   3.3922501887822574e+02	   6.1550651839404347e-01	
   3.3911445875215242e+02	   6.4360836814677380e-01	
   3.3867516091281141e+02	   6.6660079067173361e-01	
   3.3900288971238092e+02	   7.0236678126611718e-01	
   3.3955030946969180e+02	   7.2535920379107699e-01	
   3.4053576592422110e+02	   7.6367990799934504e-01	
   3.4097380262143957e+02	   7.7900818968265151e-01	
   3.4174099741263313e+02	   7.8667233052430474e-01	
   3.4327681628942571e+02	   7.5857048077157441e-01	
   3.4426580394189813e+02	   6.8959321319669331e-01	
   3.4415919539447532e+02	   5.9762352309685252e-01	
   3.4471031450201212e+02	   5.0820854661089609e-01	
   3.4482179946564196e+02	   4.5200484710543709e-01	
   3.4515238685402261e+02	   4.0091057482774700e-01	
   3.4537384341073528e+02	   3.3448802086675034e-01	
   3.4592437398528176e+02	   2.6295603967798487e-01	
   3.4625588621121881e+02	   1.8375991764756611e-01	
   3.4680666901418965e+02	   1.0456379561714733e-01	
   3.4680793015631224e+02	   6.6243091408879309e-02	
   3.4724823690935114e+02	   1.2594105517304758e-02	
   3.4801761768022379e+02	  -4.6164307602038636e-02	
   3.4856629857965703e+02	  -6.1492589285345151e-02	
   3.5064945313761910e+02	  -6.4047302899229566e-02	
   3.4988200611800102e+02	  -6.4047302899229566e-02	
   3.5086754664867175e+02	  -2.8281312304845940e-02	
   3.5086645365883226e+02	   4.9299646756515089e-03	
   3.5086485621214376e+02	   5.3469523339457224e-02	
   3.5086359507002129e+02	   9.1790227547723507e-02	
   3.5119166017415682e+02	   1.1733736368656945e-01	
   3.5130003432055116e+02	   1.5565806789483574e-01	
   3.5140739955324756e+02	   2.2463533546971681e-01	
   3.5195280148316238e+02	   3.0894088472790615e-01	
   3.5260775462545257e+02	   3.9580114759997814e-01	
   3.5271646507641293e+02	   4.2390299735270848e-01	
   3.5337251120854256e+02	   4.7755198324428133e-01	
   3.5348113758336149e+02	   5.0820854661089609e-01	
   3.5369956739898021e+02	   5.3375568274974028e-01	
   3.5391757683389142e+02	   5.7207638695800833e-01	
   3.5402586690414427e+02	   6.1295180478015898e-01	
   3.5468300602611345e+02	   6.3338951369123608e-01	
   3.5512112679947347e+02	   6.4616308176065818e-01	
   3.5588857381909150e+02	   6.4616308176065818e-01	
   3.5654739446389067e+02	   6.1550651839404347e-01	
   3.5665837497067156e+02	   5.7463110057189271e-01	
   3.5743027802578911e+02	   4.3923127903601500e-01	
   3.5699030757731617e+02	   4.8266141047205013e-01	
   3.5798013599120361e+02	   3.8813700675832491e-01	
   3.5798156528560907e+02	   3.4470687532228800e-01	
   3.5831240490241419e+02	   2.8594846220294462e-01	
   3.5875237535088712e+02	   2.4251833076690951e-01	
   3.5952158796947668e+02	   1.8886934487533497e-01	
   3.5963256847625757e+02	   1.4799392705318251e-01	
   3.6007270707701366e+02	   9.9454368389378545e-02	
   3.6062197650943739e+02	   6.6243091408879351e-02	
   3.6182872136839643e+02	   4.3250668883919569e-02	
   3.6226675806561485e+02	   5.8578950567226083e-02	
   3.6281375744221822e+02	   9.4344941161609699e-02	
   3.6303193502941252e+02	   1.2755621814210716e-01	
   3.6303092611571452e+02	   1.5821278150872192e-01	
   3.6346820612765941e+02	   1.9653348571698823e-01	
   3.6368587925800466e+02	   2.4507304438079394e-01	
   3.6401335582914970e+02	   2.8850317581682910e-01	
   3.6445105622180216e+02	   3.1405031195567501e-01	
   3.6488808400532264e+02	   3.6003515700559635e-01	
   3.6510626159251683e+02	   3.9324643398609377e-01	
   3.6554354160446178e+02	   4.3156713819436004e-01	
   3.6565149537014867e+02	   4.8266141047205019e-01	
   3.6619857882289352e+02	   5.1587268745254933e-01	
   3.6641658825780439e+02	   5.5419339166081394e-01	
   3.6718336266829044e+02	   5.7463110057189104e-01	
   3.6817050064564978e+02	   5.6185753250246717e-01	
   3.6839111644094754e+02	   5.2098211468031641e-01	
   3.6883117096556202e+02	   4.7499726963039518e-01	
   3.6938035632184432e+02	   4.4434070626378214e-01	
   3.6993172765780565e+02	   3.4726158893617076e-01	
   3.7059197759701038e+02	   2.7317489413352081e-01	
   3.7070295810379133e+02	   2.3229947631136838e-01	
   3.7125332052605467e+02	   1.6587692235037346e-01	
   3.7147435670205994e+02	   1.1222793645879892e-01	
   3.7169631771562166e+02	   3.0477100814494007e-02	
   3.7235497020813784e+02	   4.9299646756498141e-03	
   3.7323373403910279e+02	  -4.6164307602038573e-02	
   3.7389230245547753e+02	  -6.9156730127000091e-02	
   3.7509812247688006e+02	  -6.4047302899231245e-02	
   3.7586472873508308e+02	  -3.8500166760387054e-02	
   3.7619262568693568e+02	  -7.8436033937722728e-03	
   3.7641105550255446e+02	   1.7703532745071918e-02	
   3.7695721411774281e+02	   7.9016659478299736e-02	
   3.7706558826413709e+02	   1.1733736368656777e-01	
   3.7717429871509751e+02	   1.4543921343929636e-01	
   3.7783034484722714e+02	   1.9908819933087094e-01	
   3.7848681136006428e+02	   2.3996361715302342e-01	
   3.7881454015963391e+02	   2.7572960774740524e-01	
   3.7925148386701284e+02	   3.2426916641121095e-01	
   3.8056727548149826e+02	   3.1915973918344215e-01	
   3.8254213996920748e+02	   2.7572960774740524e-01	
   3.8276241945993917e+02	   2.4507304438079225e-01	
   3.8364177182389454e+02	   1.7609577680591118e-01	
   3.8451994712186900e+02	   1.4288449982541199e-01	
   3.8539829057212637e+02	   1.0456379561714393e-01	
   3.8605643860779372e+02	   9.4344941161606272e-02	
   3.8682396970355325e+02	   9.1790227547721856e-02	
   3.8748186551079590e+02	   8.9235513933837440e-02	
   3.8901667547389064e+02	   9.1790227547721856e-02	
   3.9066137295392656e+02	   8.6680800319953025e-02	
   3.9208688393307040e+02	   7.9016659478299778e-02	
   3.9230691119537761e+02	   5.6024236953338247e-02	
   3.9307646011853313e+02	  -7.8436033937739798e-03	
   3.9329648738084040e+02	  -3.0836025918733752e-02	
   3.9395564433020564e+02	  -7.1711443740886213e-02	
   3.9439553070253703e+02	  -1.1258686156303692e-01	
   3.9472510917721962e+02	  -1.3302457047411226e-01	
   3.9538384574587741e+02	  -1.6112642022684262e-01	
   3.9598487028168591e+02	  -1.8572910279540439e-01	
   3.9723883741741270e+02	  -2.1757866014553326e-01	
   3.9860513401375147e+02	  -2.0165388147046795e-01	
   4.0122408752660294e+02	  -1.7776671345787171e-01	
   4.0316102826460400e+02	  -1.9634562191211341e-01	
   4.0475722465902243e+02	  -2.4411995793730584e-01	
   4.0578443652278304e+02	  -3.0781907263756181e-01	
   4.0669722257518924e+02	  -3.5559340866275424e-01	
   4.0760974658375289e+02	  -3.9540535535041399e-01	
   4.0909186655860742e+02	  -4.3787143181725191e-01	
   4.0988961536402627e+02	  -4.5114208071313733e-01	
   4.1045903663442209e+02	  -4.4848795093396093e-01	
   4.1080013036979500e+02	  -4.2990904247971923e-01	
   4.1205156441504141e+02	  -3.8478883623370497e-01	
   4.1284730421766545e+02	  -3.3701450020851254e-01	
   4.1387084746762690e+02	  -2.8924016418332010e-01	
   4.1432531883898287e+02	  -2.5473647705401486e-01	
   4.1489290580247916e+02	  -1.9634562191211338e-01	
   4.1500488587130070e+02	  -1.3795476677021193e-01	
   4.1591391596196024e+02	  -7.1601522290779554e-02	
   4.1625448560964759e+02	  -3.7097835161474295e-02	
   4.1670860758921310e+02	   8.0223710845417490e-03	
   4.1739062036406369e+02	   5.0488447551377907e-02	
   4.1818618547079257e+02	   1.0357104313492485e-01	
   4.1886846028948594e+02	   1.3807473026423009e-01	
   4.1977801446783116e+02	   1.8850319606860066e-01	
   4.2114500984775054e+02	   1.8319493651024443e-01	
   4.2205727181247136e+02	   1.5134537916011731e-01	
   4.2331176303588376e+02	   1.0357104313492486e-01	
   4.2342802315413758e+02	   3.1909539097136230e-02	
   4.2422673278697994e+02	  -1.0556537369699926e-02	
   4.2468391194471150e+02	  -5.8330873394892353e-02	
   4.2491311295921048e+02	  -1.0079694986173025e-01	
   4.2537003007309920e+02	  -1.4060889654939002e-01	
   4.2594023747502348e+02	  -1.6184193478280812e-01	
   4.2662452129651160e+02	  -1.8838323257458245e-01	
   4.2730854307415700e+02	  -2.0696214102882241e-01	
   4.2810576779189017e+02	  -2.0430801124964601e-01	
   4.2890150759451427e+02	  -1.5653367522445358e-01	
   4.3049368598334325e+02	  -8.2218041407488548e-02	
   4.3106144764273466e+02	  -2.9135445823941602e-02	
   4.3185753683714910e+02	   8.0223710845417871e-03	
   4.3276796449497027e+02	   3.1909539097136251e-02	
   4.3402053406353548e+02	   4.2526058213847043e-02	
   4.3675609708643128e+02	  -1.5864796928054415e-02	
   4.3516103621533159e+02	  -2.5941480321689937e-03	
   4.3618807338319698e+02	  -6.0985003174070455e-02	
   4.3675897956870205e+02	  -1.0345107964090661e-01	
   4.3687384211979423e+02	  -1.3264650721185733e-01	
   4.3710330517813600e+02	  -1.8307497301622616e-01	
   4.3756004759612961e+02	  -2.1757866014553315e-01	
   4.3790341237814005e+02	  -2.6800712594990195e-01	
   4.3813235134879619e+02	  -3.0251081307920724e-01	
   4.3847562878285908e+02	  -3.5028514910439967e-01	
   4.3916078608382315e+02	  -4.0336774468794662e-01	
   4.3950362677814809e+02	  -4.3787143181725185e-01	
   4.4030163762740972e+02	  -4.5910447005066990e-01	
   4.4132745192400864e+02	  -4.8033750828408800e-01	
   4.4269235095318584e+02	  -4.2194665314218655e-01	
   4.4360260391511173e+02	  -3.9275122557123582e-01	
   4.4451285687703773e+02	  -3.6355579800028681e-01	
   4.4530990689887568e+02	  -3.5559340866275418e-01	
   4.4656343729486457e+02	  -3.7417231711699583e-01	
   4.4747578660753288e+02	  -4.0867600424630113e-01	
   4.4781888934570054e+02	  -4.5114208071313727e-01	
   4.4781941343338610e+02	  -4.6706685938820258e-01	
   4.4827676728701289e+02	  -5.2014945497174780e-01	
   4.4861925858954731e+02	  -5.4403662298434396e-01	
   4.4896227397976736e+02	  -5.8384856967200549e-01	
   4.4998974788737081e+02	  -6.5551007370979242e-01	
   4.5056012998519026e+02	  -6.8205137150156669e-01	
   4.5113103617069527e+02	  -7.2451744796840289e-01	
   4.5181540734013100e+02	  -7.5371287553935540e-01	
   4.5249890503009073e+02	  -7.5636700531853351e-01	
   4.5295372579323720e+02	  -7.3247983730593735e-01	
   4.5329464483271488e+02	  -7.0859266929334108e-01	
   4.5386336731952991e+02	  -6.8470550128074492e-01	
   4.5488638648180580e+02	  -6.2100638658048890e-01	
   4.5499924003010329e+02	  -5.8915682923036172e-01	
   4.5568125280495389e+02	  -5.4669075276352386e-01	
   4.5590783338102489e+02	  -5.0953293585504045e-01	
   4.5624883976845013e+02	  -4.8829989762162235e-01	
   4.5704396813544099e+02	  -4.2194665314218821e-01	
   4.5715708372758138e+02	  -3.9805948512959199e-01	
   4.5783962059011748e+02	  -3.7151818733781944e-01	
   4.5863675795990315e+02	  -3.6620992777946487e-01	
   4.5943476880916478e+02	  -3.8744296601288297e-01	
   4.5989194796689634e+02	  -4.3521730203807540e-01	
   4.6080482136725021e+02	  -4.8564576784244595e-01	
   4.6160344365214502e+02	  -5.2545771453010570e-01	
   4.6274385845599363e+02	  -5.6792379099694179e-01	
   4.6320016413424901e+02	  -5.8915682923036339e-01	
   4.6388331243241834e+02	  -5.8119443989283071e-01	
   4.6411094118386058e+02	  -5.7588618033447625e-01	
   4.6445168552744303e+02	  -5.4669075276352552e-01	
   4.6467809140761887e+02	  -5.0422467629668932e-01	
   4.6513238808307966e+02	  -4.6441272960902791e-01	
   4.6513116521181325e+02	  -4.2725491270054627e-01	
   4.6558511249548366e+02	  -3.7682644689617567e-01	
   4.6603879773531122e+02	  -3.1843559175427599e-01	
   4.6626546565932983e+02	  -2.8393190462496898e-01	
   4.6626459217985388e+02	  -2.5739060683319637e-01	
   4.6683121831592661e+02	  -1.6980432412034416e-01	
   4.6694337308064337e+02	  -1.1672172853679721e-01	
   4.6717012835260948e+02	  -8.4872171186670092e-02	
   4.6739697097252332e+02	  -5.5676743615719358e-02	
   4.6785065621235088e+02	   2.7141115261821109e-03	
   4.6784952068903215e+02	   3.7217798655487362e-02	
   4.6853118407209229e+02	   9.0300394239034312e-02	
   4.6853004854877349e+02	   1.2480408136833956e-01	
   4.6943951537917104e+02	   1.7788667695188651e-01	
   4.6966635799908482e+02	   2.0708210452283723e-01	
   4.7046349536887055e+02	   2.1239036408119177e-01	
   4.7148983375315510e+02	   1.7523254717271014e-01	
   4.7206056524276494e+02	   1.3807473026422673e-01	
   4.7251783174844405e+02	   8.7646264459857931e-02	
   4.7251887992381529e+02	   5.5796707109729067e-02	
   4.7252010279508164e+02	   1.8638890201245682e-02	
   4.7297693256102275e+02	  -1.8518926707235955e-02	
   4.7309188246006266e+02	  -5.0368484057364819e-02	
   4.7354932366163700e+02	  -1.0610520942008815e-01	
   4.7355028448906063e+02	  -1.3530063699103889e-01	
   4.7355124531648414e+02	  -1.6449606456198962e-01	
   4.7400824977832053e+02	  -2.0696214102882754e-01	
   4.7423771283666230e+02	  -2.5739060683319631e-01	
   4.7423849896819064e+02	  -2.8127777484579253e-01	
   4.7469524138618419e+02	  -3.1578146197509777e-01	
   4.7469733773692656e+02	  -3.7948057667535379e-01	
   4.7458457153657668e+02	  -4.1398426380465903e-01	
   4.7458579440784308e+02	  -4.5114208071314238e-01	
   4.7515687528924337e+02	  -4.9891641673833309e-01	
   4.7515844755230006e+02	  -5.4669075276352552e-01	
   4.7538747387090382e+02	  -5.8384856967200893e-01	
   4.7561623814566479e+02	  -6.1304399724295966e-01	
   4.7584465302863538e+02	  -6.3162290569720136e-01	
   4.7641442369082165e+02	  -6.3958529503473227e-01	
   4.7778089498305553e+02	  -6.2896877591802314e-01	
   4.7846316980174896e+02	  -5.9446508878871795e-01	
   4.7880347740559341e+02	  -5.5199901232187998e-01	
   4.7891475869083416e+02	  -4.7237511894656048e-01	
   4.7925506629467861e+02	  -4.2990904247972256e-01	
   4.7970918827424418e+02	  -3.8478883623370830e-01	
   4.7982204182254173e+02	  -3.5293927888358118e-01	
   4.8016208738254335e+02	  -3.0251081307921063e-01	
   4.8050195824664991e+02	  -2.4677408771648729e-01	
   4.8061402566341906e+02	  -1.9103736235376220e-01	
   4.8106788559914185e+02	  -1.3795476677021526e-01	
   4.8118108853922973e+02	  -1.1672172853679717e-01	
   4.8152104675128379e+02	  -6.3639132953250230e-02	
   4.8151947448822705e+02	  -1.5864796928059550e-02	
   4.8231608777032710e+02	   5.3682413053602806e-03	
   4.8356795855531158e+02	   3.7217798655487404e-02	
   4.8459342346012016e+02	   2.6601279538778364e-02	
   4.8527779462955590e+02	  -2.5941480321723651e-03	
   4.8562063532388078e+02	  -3.7097835161477612e-02	
   4.8619093007375255e+02	  -6.0985003174073828e-02	
   4.8676166156336240e+02	  -9.8142820082555468e-02	
   4.8710406551794932e+02	  -1.1937585831597529e-01	
   4.8733291714065791e+02	  -1.5122541566610240e-01	
   4.8756141937157605e+02	  -1.7245845389952222e-01	
   4.8801746300598876e+02	  -1.8572910279540766e-01	
   4.8858714632022748e+02	  -1.9103736235376217e-01	
   4.8961165039761255e+02	  -1.7245845389952222e-01	
   4.9029375052041064e+02	  -1.3264650721186069e-01	
   4.9086159952774977e+02	  -8.2218041407491893e-02	
   4.9211172335378222e+02	   2.7141115261821716e-03	
   4.9108844214766356e+02	  -5.3022613836541159e-02	
   4.9233891536548646e+02	   2.1293019980423863e-02	
   4.9267965970906886e+02	   5.0488447551374598e-02	
   4.9313395638452965e+02	   9.0300394239034368e-02	
   4.9336123574418150e+02	   1.0622517291409968e-01	
   4.9427157605405500e+02	   1.3276647070587227e-01	
   4.9529669156707320e+02	   1.3276647070587227e-01	
   4.9586672427310231e+02	   1.1684169203080873e-01	
   4.9632329199520063e+02	   8.7646264459858000e-02	
   4.9632468956236221e+02	   4.5180187993020093e-02	
   4.9723817439834926e+02	  -2.3827186265590414e-02	
   4.9723904787782533e+02	  -5.0368484057364764e-02	
   4.9769631438350444e+02	  -1.0079694986173357e-01	
   4.9826687117721906e+02	  -1.3264650721186066e-01	
   4.9860979921949161e+02	  -1.6980432412034407e-01	
   4.9975134954665879e+02	  -2.4677408771648723e-01	
   5.0009366615329810e+02	  -2.6535299617072894e-01	
   5.0077864875836701e+02	  -3.1312733219591959e-01	
   5.0134859411644851e+02	  -3.2639798109180679e-01	
   5.0260177512064689e+02	  -3.3436037042933942e-01	
   5.0362662858982225e+02	  -3.2639798109180679e-01	
   5.0430907810441084e+02	  -2.9720255352085606e-01	
   5.0464990979594086e+02	  -2.7066125572908345e-01	
   5.0521837023891322e+02	  -2.3881169837895458e-01	
   5.0635598990843857e+02	  -1.9634562191211666e-01	
   5.0988711803806319e+02	  -2.0165388147047289e-01	
   5.1102657201448807e+02	  -2.1492453036635834e-01	
   5.0760882152084650e+02	  -1.9369149213294026e-01	
   5.1205186222340149e+02	  -2.2023278992471285e-01	
   5.1250668298654784e+02	  -1.9634562191211663e-01	
   5.1341719799231657e+02	  -1.7511258367869856e-01	
   5.1501077394830713e+02	  -1.4326302632857144e-01	
   5.1557993317486023e+02	  -1.3264650721186064e-01	
   5.1626308147302962e+02	  -1.2468411787432974e-01	
   5.1740209870971648e+02	  -1.2468411787432974e-01	
   5.1865501767007208e+02	  -1.2468411787432974e-01	
   5.1899759632055418e+02	  -1.5122541566610234e-01	
   5.1968205483793747e+02	  -1.8307497301623119e-01	
   5.2070830587427440e+02	  -2.1757866014553642e-01	
   5.2184924476580863e+02	  -2.7596951528743791e-01	
   5.2207800904056944e+02	  -3.0516494285838863e-01	
   5.2242076238694676e+02	  -3.3701450020851575e-01	
   5.2344736281507426e+02	  -3.8213470645453002e-01	
   5.2481549371831250e+02	  -4.2194665314219154e-01	
   5.2675121158504703e+02	  -4.0336774468794989e-01	
   5.2390427992896286e+02	  -4.2194665314219154e-01	
   5.2595459830294692e+02	  -4.2460078292136794e-01	
   5.2709274206015789e+02	  -3.9805948512959533e-01	
   5.2800238358645072e+02	  -3.5028514910440295e-01	
   5.2879917156444594e+02	  -3.3436037042933936e-01	
   5.3027936988445333e+02	  -3.1843559175427583e-01	
   5.3153202680096615e+02	  -3.1047320241674314e-01	
   5.3210136072341436e+02	  -3.0516494285838863e-01	
   5.3289867278909514e+02	  -3.0516494285838863e-01	
   5.3369633424656649e+02	  -3.1578146197509765e-01	
   5.3540573358107281e+02	  -3.4232275976687027e-01	
   5.3597585363504948e+02	  -3.6090166822111192e-01	
   5.3711626843889792e+02	  -4.0336774468794984e-01	
   5.3802809366388078e+02	  -4.2194665314219149e-01	
   5.3871185339768329e+02	  -4.3256317225890056e-01	
   5.3962394066650870e+02	  -4.5910447005067312e-01	
   5.4035451430208070e+02	  -4.5385421932821218e-01	
   5.4106589579855802e+02	  -4.3357497123429606e-01	
   5.4146099313800880e+02	  -4.1882642716599405e-01	
   5.4209295473010332e+02	  -3.8932933902939004e-01	
   5.4217128253496060e+02	  -3.6536295491840015e-01	
   5.4232848419443803e+02	  -3.3402229877325751e-01	
   5.4248586787050306e+02	  -3.0821234665373076e-01	
   5.4272248943436341e+02	  -2.8608953055127778e-01	
   5.4287981243823253e+02	  -2.5843601042321063e-01	
   5.4319548987330052e+02	  -2.3446962631222074e-01	
   5.4358985914640095e+02	  -1.9759826614146572e-01	
   5.4398465312487247e+02	  -1.7363188203047586e-01	
   5.4406292025753385e+02	  -1.4782192991094734e-01	
   5.4406201017459603e+02	  -1.2016840978288199e-01	
   5.4398204422045035e+02	  -9.4358457663353476e-02	
   5.4406006866432836e+02	  -6.1174233509673957e-02	
   5.4421733099600158e+02	  -3.1677145373069954e-02	
   5.4437477534426250e+02	  -7.7107612620783235e-03	
   5.4453240170911101e+02	   1.0724918823297434e-02	
   5.4461060816957672e+02	   3.8378438951364564e-02	
   5.4476756714027056e+02	   7.7093367130656454e-02	
   5.4500412803193501e+02	   1.0105975124164808e-01	
   5.4516163305239172e+02	   1.2318256734410109e-01	
   5.4539801192746859e+02	   1.5267965548070334e-01	
   5.4579250254496071e+02	   1.8586387963438286e-01	
   5.4602918478101685e+02	   2.0614312772829899e-01	
   5.4642422144827185e+02	   2.2273523980513787e-01	
   5.4658184781312025e+02	   2.4117091989051537e-01	
   5.4673935283357707e+02	   2.6329373599296835e-01	
   5.4721308133886441e+02	   2.9279082412957236e-01	
   5.4721247461690587e+02	   3.1122650421494991e-01	
   5.4752827339636553e+02	   3.3150575230886425e-01	
   5.4816065969383112e+02	   3.4809786438570489e-01	
   5.4879347069666767e+02	   3.5178500040277866e-01	
   5.4974299056190182e+02	   3.4809786438570489e-01	
   5.5013930134526993e+02	   3.2597504828325191e-01	
   5.5014021142820775e+02	   2.9832152815518476e-01	
   5.5006242967311323e+02	   2.5776303196735423e-01	
   5.5006315773946358e+02	   2.3564021586490125e-01	
   5.5030129610822030e+02	   2.1167383175391136e-01	
   5.5046049995016119e+02	   1.8217674361730735e-01	
   5.5109434238032736e+02	   1.5452322348924197e-01	
   5.5109488843009024e+02	   1.3793111141240308e-01	
   5.5125403159983523e+02	   1.1027759128433598e-01	
   5.5141329611397191e+02	   7.8936935139195100e-02	
   5.5180984958612339e+02	   4.9439847002591089e-02	
   5.5196893208367248e+02	   2.3629894883062580e-02	
   5.5228636901242044e+02	  -5.8671932535414263e-03	
   5.5260392728556008e+02	  -3.9051417407220936e-02	
   5.5260465535191042e+02	  -6.1174233509673936e-02	
   5.5292294169140041e+02	  -1.1648127376580471e-01	
   5.5347791026694654e+02	  -1.5150906592802282e-01	
   5.5387482777227319e+02	  -1.9206756211585332e-01	
   5.5403366758103891e+02	  -2.1050324220122910e-01	
   5.5435110450978686e+02	  -2.4000033033783311e-01	
   5.5466860211073060e+02	  -2.7134098648297578e-01	
   5.5498567500630338e+02	  -2.8977666656835327e-01	
   5.5546085964429153e+02	  -3.0452521063665527e-01	
   5.5593568024910451e+02	  -3.0821234665373076e-01	
   5.5680541617678068e+02	  -2.9162023457689012e-01	
   5.5735874660303853e+02	  -2.7687169050858812e-01	
   5.5743707440789581e+02	  -2.5290530639759823e-01	
   5.5791104560196675e+02	  -2.3078249029514522e-01	
   5.5822678370923052e+02	  -2.0865967419269221e-01	
   5.5846304123991570e+02	  -1.7547545003901271e-01	
   5.5877859733059188e+02	  -1.4782192991094731e-01	
   5.5917326996467170e+02	  -1.2016840978288194e-01	
   5.5925165844172489e+02	  -9.8045593680428936e-02	
   5.5964645242019628e+02	  -7.4079209569437310e-02	
   5.6004112505427611e+02	  -4.6425689441371917e-02	
   5.6019844805814535e+02	  -1.8772169313304783e-02	
   5.6067254059660786e+02	  -3.3648922792728006e-04	
   5.6138386142088939e+02	   2.1786326874523979e-02	
   5.6185850000911478e+02	   2.3629894883062604e-02	
   5.6272878198655360e+02	   2.3629894883062608e-02	
   5.6344125558255655e+02	   1.0724918823297480e-02	
   5.6455028265071087e+02	  -3.1677145373069905e-02	
   5.6486771957945882e+02	  -6.1174233509673902e-02	
   5.6478927043020974e+02	  -8.1453481603588299e-02	
   5.6502801552092512e+02	  -1.2385554579995567e-01	
   5.6423314908294219e+02	  -1.1397897279153774e-02	
   5.6534520976088970e+02	  -1.4597836190240868e-01	
   5.6558359081842991e+02	  -1.7731901804755129e-01	
   5.6574230928280383e+02	  -1.9206756211585330e-01	
   5.6621803997055474e+02	  -2.2340821826099419e-01	
   5.6748505743673275e+02	  -2.5843601042321057e-01	
   5.6796030274691668e+02	  -2.7502812250005121e-01	
   5.6930510196818921e+02	  -2.6949741847443709e-01	
   5.7056944985774931e+02	  -2.2340821826099419e-01	
   5.7025383309487722e+02	  -2.4921817038052269e-01	
   5.7064795967919417e+02	  -2.0497253817561667e-01	
   5.7112205221765691e+02	  -1.8653685809023918e-01	
   5.7127961791030941e+02	  -1.6625760999632480e-01	
   5.7175383179316384e+02	  -1.5150906592802280e-01	
   5.7230679818624651e+02	  -1.2569911380849430e-01	
   5.7278089072470914e+02	  -1.0726343372311677e-01	
   5.7365068732458110e+02	  -9.2514889654814761e-02	
   5.7428313429424247e+02	  -7.7766345586512770e-02	
   5.7523283617606432e+02	  -8.6984185629202390e-02	
   5.7618344814082400e+02	  -1.2385554579995564e-01	
   5.7634362273789861e+02	  -1.8284972207316366e-01	
   5.7658188245104714e+02	  -2.1050324220122904e-01	
   5.7634283399935248e+02	  -1.5888333796217377e-01	
   5.7674132898177152e+02	  -2.4737460237198405e-01	
   5.7705931196028212e+02	  -2.9346380258542870e-01	
   5.7737644552805079e+02	  -3.1374305067934311e-01	
   5.7769400380119043e+02	  -3.4692727483302260e-01	
   5.7816973448894123e+02	  -3.7826793097816347e-01	
   5.7817058389968338e+02	  -4.0407788309769199e-01	
   5.7832960572503657e+02	  -4.2804426720868360e-01	
   5.7856756207720593e+02	  -4.4647994729406110e-01	
   5.7864734601476391e+02	  -4.6675919538797550e-01	
   5.7896466159912006e+02	  -4.9256914750750402e-01	
   5.7959971747320355e+02	  -5.5709402780632444e-01	
   5.7991721507414741e+02	  -5.8843468395146525e-01	
   5.8047260835506449e+02	  -6.3636745217344681e-01	
   5.8118611337839707e+02	  -6.8061308437835277e-01	
   5.7928209852786802e+02	  -5.2206623564410803e-01	
   5.8189882966318328e+02	  -7.0089233247226890e-01	
   5.8284774280645888e+02	  -6.8614378840396695e-01	
   5.8340095188832493e+02	  -6.6770810831858940e-01	
   5.8363745210779371e+02	  -6.4189815619906088e-01	
   5.8403170003650234e+02	  -6.0133966001123040e-01	
   5.8434725612717853e+02	  -5.7368613988316330e-01	
   5.8497897503048955e+02	  -5.3681477971240998e-01	
   5.8529489515434102e+02	  -5.2022266763556935e-01	
   5.8592631069667277e+02	  -4.7413346742212642e-01	
   5.8592533994153894e+02	  -4.4463637928552241e-01	
   5.8624071401562765e+02	  -4.1145215513184291e-01	
   5.8631904182048504e+02	  -3.8748577102085302e-01	
   5.8679198158722613e+02	  -3.3402229877325740e-01	
   5.8702823911791131e+02	  -3.0083807461957968e-01	
   5.8710608154520173e+02	  -2.6212314644028600e-01	
   5.8718301388955422e+02	  -1.9575469813292876e-01	
   5.8726140236660751e+02	  -1.7363188203047575e-01	
   5.8749790258607607e+02	  -1.4782192991094723e-01	
   5.8789245387576409e+02	  -1.1648127376580462e-01	
   5.8820776727765690e+02	  -8.1453481603588229e-02	
   5.8860243991173672e+02	  -5.3799961475522851e-02	
   5.8860080176244844e+02	  -4.0236252450027111e-03	
   5.8899535305213635e+02	   2.7317030900138175e-02	
   5.9010098247732253e+02	   8.8154775181883069e-02	
   5.9033766471337867e+02	   1.0843402327579919e-01	
   5.9112798073667204e+02	   1.3424397539532595e-01	
   5.9310559096078100e+02	   1.4346181543801559e-01	
   5.9381891396752599e+02	   1.0474688725872196e-01	
   5.9215637445652624e+02	   1.3793111141240319e-01	
   5.9421552811187337e+02	   7.3406231113581077e-02	
   5.9461214225622064e+02	   4.2065574968440184e-02	
   5.9508763025518806e+02	   1.8099190857448561e-02	
   5.9595924702093600e+02	  -2.2459305330380198e-02	
   5.9699000695642883e+02	  -9.0671321646277836e-02	
   5.9778238583438144e+02	  -1.2754268181703107e-01	
   5.9603988036923613e+02	  -6.8548505543824828e-02	
   5.9809988343532530e+02	  -1.5888333796217372e-01	
   5.9857549277868452e+02	  -1.8653685809023909e-01	
   5.9960509994245581e+02	  -2.1972108224391859e-01	
   6.0308792667369562e+02	  -2.7134098648297561e-01	
   6.0063458576183564e+02	  -2.4921817038052263e-01	
   6.0419610433110790e+02	  -2.8793309855981447e-01	
   6.0198023439385031e+02	  -2.6949741847443698e-01	
   6.0546215104215207e+02	  -2.9346380258542859e-01	
   6.0712256702629679e+02	  -2.6212314644028595e-01	
   6.0649012005663542e+02	  -2.7687169050858795e-01	
   6.0791264036080679e+02	  -2.2893892228660820e-01	
   6.0822856048465815e+02	  -2.1234681020976756e-01	
   6.0925513403863636e+02	  -1.5335263393655957e-01	
   6.0933364386008134e+02	  -1.3491695385118205e-01	
   6.0933267310494762e+02	  -1.0541986571457981e-01	
   6.0822752905732841e+02	  -1.8100615406462670e-01	
   6.0893733307671334e+02	  -1.1279413774873082e-01	
   6.0988527546485511e+02	  -6.8548505543824786e-02	
   6.0996390663069178e+02	  -5.3799961475522795e-02	
   6.1051650899059928e+02	  -1.6928601304767782e-02	
   6.1075331257104710e+02	  -3.3648922792715500e-04	
   6.1091087826369983e+02	   1.9942758865987228e-02	
   6.1162207774358956e+02	   4.5752710985515734e-02	
   6.1177964343624205e+02	   6.6031959079430116e-02	
   6.1217461943130127e+02	   8.4467639164807623e-02	
   6.1256923139318485e+02	   1.1396472730140988e-01	
   6.1272655439705397e+02	   1.4161824742947526e-01	
   6.1320052559112492e+02	   1.6374106353192827e-01	
   6.1407044353538856e+02	   1.7480247158315476e-01	
   6.1478279578699983e+02	   1.6558463154046690e-01	
   6.1597039334879491e+02	   1.3977467942093838e-01	
   6.1652493721896997e+02	   1.1765186331848539e-01	
   6.1700042521793728e+02	   9.3685479207495509e-02	
   6.1763432832029946e+02	   6.4188391070891498e-02	
   6.1810993766365868e+02	   3.6534870942824371e-02	
   6.1866472422261711e+02	   7.0377828062203693e-03	
   6.2103961598522801e+02	  -3.5364281390147009e-02	
   6.1929838463619581e+02	  -1.5085033296232633e-02	
   6.2072345317259317e+02	  -4.4582121432834888e-02	
   6.2001079756000286e+02	  -2.6146441347457389e-02	
   6.2183090276365522e+02	  -3.9051417407222511e-02	
   6.2175075479292207e+02	  -7.7107612620816255e-03	
   6.2238295907379995e+02	   1.4412054840371379e-02	
   6.2277787439666326e+02	   3.4691302934287509e-02	
   6.2317236501415539e+02	   6.7875527087967014e-02	
   6.2380426593405411e+02	   9.9216183233107907e-02	
   6.2411957933594692e+02	   1.3424397539532429e-01	
   6.2459330784123426e+02	   1.6374106353192830e-01	
   6.2490904594849803e+02	   1.8586387963438131e-01	
   6.2530359723818617e+02	   2.1720453577952217e-01	
   6.2569863390544117e+02	   2.3379664785636281e-01	
   6.2609367057269594e+02	   2.5038875993320170e-01	
   6.2680529475795674e+02	   2.6329373599296685e-01	
   6.2830832706603644e+02	   2.6882444001857925e-01	
   6.2917909442104212e+02	   2.5407589595027724e-01	
   6.2997098792142799e+02	   2.3195307984782421e-01	
   6.3052571380819063e+02	   2.0429955971975883e-01	
   6.3139781595150544e+02	   1.4899251946362632e-01	
   6.3084375745889713e+02	   1.5636679149777732e-01	
   6.3147814593882617e+02	   1.1212115929287129e-01	
   6.3234939867139883e+02	   8.2624071156269047e-02	
   6.3385370509559152e+02	   4.9439847002589542e-02	
   6.3464487052962704e+02	   4.9439847002589542e-02	
   6.3606702680062313e+02	   1.0843402327579581e-01	
   6.3598839563478634e+02	   9.3685479207495551e-02	
   6.3654099799469407e+02	   1.3055683937824880e-01	
   6.3480231487788785e+02	   7.3406231113579426e-02	
   6.3124031093104873e+02	   1.2686970336117331e-01	
   6.3669862435954246e+02	   1.4899251946362632e-01	
   6.3748942576040270e+02	   1.6005392751485281e-01	
   6.3788446242765747e+02	   1.7664603959169345e-01	
   6.3883325422654127e+02	   1.9508171967707094e-01	
   6.3954506042838977e+02	   2.0245599171122020e-01	
   6.4009881556001858e+02	   2.0429955971975886e-01	
   6.4144385747007470e+02	   2.0245599171122022e-01	
   6.4176093036564748e+02	   1.8402031162584448e-01	
   6.4255294521042492e+02	   1.5821035950631598e-01	
   6.4358224901321705e+02	   1.3424397539532434e-01	
   6.4389926123659393e+02	   1.1765186331848546e-01	
   6.4437462789116978e+02	   9.7372615224571080e-02	
   6.4477075665795007e+02	   8.0780503147730456e-02	
   6.4524606264033002e+02	   6.2344823062352950e-02	
   6.4556319620809870e+02	   4.2065574968438567e-02	
   6.4595962833585827e+02	   1.6255622848910061e-02	
   6.4635539306946362e+02	   1.0724918823295940e-02	
   6.4706804868205415e+02	  -7.7107612620815622e-03	
   6.4793851267608056e+02	  -1.3241465287693937e-02	
   6.4896672437934728e+02	  -4.0236252450060574e-03	
   6.4959935336559624e+02	   5.1942147976835711e-03	
   6.5015238043087481e+02	   2.9160598908673455e-02	
   6.5030988545133164e+02	   5.1283415011126460e-02	
   6.5078385664540247e+02	   7.3406231113579468e-02	
   6.5133670169409334e+02	   1.0290331925018348e-01	
   6.5188942539839263e+02	   1.3608754340386300e-01	
   6.5291630231335034e+02	   1.8586387963438139e-01	
   6.5346884400106205e+02	   2.2457880781367326e-01	
   6.5410092693754825e+02	   2.5038875993320175e-01	
   6.5449596360480325e+02	   2.6698087201004239e-01	
   6.5465365064184766e+02	   2.8357298408688125e-01	
   6.5560189639096870e+02	   3.1860077624909938e-01	
   6.5615553017820582e+02	   3.2413148027471178e-01	
   6.5853096799057948e+02	   2.6513730400150376e-01	
   6.5750154284339555e+02	   2.9279082412957091e-01	
   6.5686782175762119e+02	   3.1675720824056081e-01	
   6.5797660613699202e+02	   2.8172941607834440e-01	
   6.5874960742174744e+02	   2.4652172525186297e-01	
   6.5909721726671569e+02	   2.1905341435301307e-01	
   6.5930625112025234e+02	   1.8835353746606193e-01	
   6.5965396731671046e+02	   1.5765366057911082e-01	
   6.6014004680162020e+02	   1.3664848165646160e-01	
   6.6021055783947054e+02	   1.0110125578736040e-01	
   6.6048856063425308e+02	   8.1711859858761809e-02	
   6.6048967732489768e+02	   4.7780416983711216e-02	
   6.6062947635846388e+02	   1.3848974108660612e-02	
   6.6063053987336366e+02	  -1.8466685772339377e-02	
   6.6104754406553752e+02	  -4.7550779665239885e-02	
   6.6125631204034937e+02	  -7.0171741581939701e-02	
   6.6167342258401311e+02	  -1.0248740146293969e-01	
   6.6222942817357830e+02	  -1.4126619332014037e-01	
   6.6188256278903998e+02	  -1.3641884433799029e-01	
   6.6230031144164354e+02	  -1.8812390014759059e-01	
   6.6243973824499483e+02	  -2.1074486206429041e-01	
   6.6264861257129655e+02	  -2.3659738996909147e-01	
   6.6306551041198043e+02	  -2.6244991787389077e-01	
   6.6320499039107665e+02	  -2.8668666278464122e-01	
   6.6362199458325051e+02	  -3.1577075667754173e-01	
   6.6390005055377799e+02	  -3.3677593560019092e-01	
   6.6410844629837493e+02	  -3.4808641655854172e-01	
   6.6438666179613756e+02	  -3.7393894446334097e-01	
   6.6480286835213667e+02	  -3.7878629344549108e-01	
   6.6584261369383205e+02	  -3.6747581248714206e-01	
   6.6611965932520479e+02	  -3.5778111452284189e-01	
   6.6625786308642137e+02	  -3.4323906757639161e-01	
   6.6639580096891302e+02	  -3.2061810565969179e-01	
   6.6646450403143399e+02	  -3.0122870973109145e-01	
   6.6674080520237692e+02	  -2.6891304985009146e-01	
   6.6708660707201557e+02	  -2.4144473895124155e-01	
   6.6722459813025216e+02	  -2.2043956002859058e-01	
   6.6743198353569437e+02	  -2.0105016409999024e-01	
   6.6784691387381383e+02	  -1.6711872122493965e-01	
   6.6798490493205054e+02	  -1.4611354230229046e-01	
   6.6805328894010142e+02	  -1.1702944840938993e-01	
   6.6805227860094669e+02	  -8.6329571522440557e-02	
   6.6812087531197756e+02	  -6.3708609605738986e-02	
   6.6839691060419568e+02	  -2.3314034754489441e-02	
   6.6846561366671665e+02	  -3.9246388258890978e-03	
   6.6874175531042465e+02	   3.3238370037260975e-02	
   6.6894914071586675e+02	   5.2627765965861321e-02	
   6.6922581411702492e+02	   7.3632944888510521e-02	
   6.6977910774359577e+02	   1.1725908572786128e-01	
   6.7005562161751880e+02	   1.4311161363266234e-01	
   6.7060981923175439e+02	   1.5926944357316145e-01	
   6.7123271990851094e+02	   1.9481666944226092e-01	
   6.7157894718410955e+02	   2.0935871638871292e-01	
   6.7213298527111010e+02	   2.3036389531136212e-01	
   6.7303458002733407e+02	   2.2551654632921206e-01	
   6.7379829007681133e+02	   1.9643245243631155e-01	
   6.7421566649920021e+02	   1.5603787758506199e-01	
   6.7525759204643998e+02	   1.0110125578736043e-01	
   6.7546625366976184e+02	   8.1711859858761851e-02	
   6.7470222456581462e+02	   1.2049065171596078e-01	
   6.7519032472903370e+02	   3.8085719019411081e-02	
   6.7567682961990329e+02	   4.1542761443604794e-03	
   6.7630228273241914e+02	  -3.7856081700939681e-02	
   6.7651126341021097e+02	  -6.6940175593840190e-02	
   6.7706705629679618e+02	  -9.9255835474840168e-02	
   6.7727593062309802e+02	  -1.2510836337963946e-01	
   6.7748459224641988e+02	  -1.4449775930823980e-01	
   6.7790111785688873e+02	  -1.5903980625469005e-01	
   6.7845605993155436e+02	  -1.6550293823089077e-01	
   6.7928772858312266e+02	  -1.5257667427849111e-01	
   6.8004973700876042e+02	  -1.2995571236178954e-01	
   6.8046530545581982e+02	  -1.1541366541533929e-01	
   6.8101918401558544e+02	  -8.9561137510539984e-02	
   6.8191913032371474e+02	  -4.4319213677140361e-02	
   6.8281944886205918e+02	  -1.0387770802089758e-02	
   6.8365047940468764e+02	   2.1927889078910232e-02	
   6.8448236075923603e+02	   2.8391021055110929e-02	
   6.8566264959492730e+02	  -1.6850902778288698e-02	
   6.8656631820520568e+02	  -8.4713788528389886e-02	
   6.8510717576281195e+02	   5.7700591384111143e-03	
   6.8281886392886440e+02	   7.3858421324599719e-03	
   6.8642662552312947e+02	  -5.4013911641438775e-02	
   6.8712189838881079e+02	  -1.1056631643318918e-01	
   6.8726169742237698e+02	  -1.4449775930823977e-01	
   6.8760962632181509e+02	  -1.8166076817138985e-01	
   6.8795739569401826e+02	  -2.1397642805238984e-01	
   6.8816642954755514e+02	  -2.4467630493934095e-01	
   6.8837525069811181e+02	  -2.6891304985009140e-01	
   6.8851515608316788e+02	  -3.0607605871324151e-01	
   6.8879347793242027e+02	  -3.3516015260614201e-01	
   6.8900283084042712e+02	  -3.7555472745739155e-01	
   6.8948912302831661e+02	  -4.0302303835624143e-01	
   6.8997541521620622e+02	  -4.3049134925509130e-01	
   6.9122371582973346e+02	  -4.3533869823724136e-01	
   6.9274922160186861e+02	  -4.3533869823724136e-01	
   6.9337260086033007e+02	  -4.1433351931459217e-01	
   6.9337105876372550e+02	  -3.6747581248714195e-01	
   6.9378561687163017e+02	  -3.2223388865374053e-01	
   6.9433944225565097e+02	  -2.9476557775489065e-01	
   6.9447706108367254e+02	  -2.6244991787389066e-01	
   6.9468449966485980e+02	  -2.4467630493934095e-01	
   6.9503003565577353e+02	  -2.0912907907024147e-01	
   6.9516754813230511e+02	  -1.7358185320114025e-01	
   6.9516621873868053e+02	  -1.3318727834989072e-01	
   6.9509565452508537e+02	  -9.6024269486740657e-02	
   6.9509464418593052e+02	  -6.5324392599789532e-02	
   6.9523226301395209e+02	  -3.3008732718789548e-02	
   6.9537004136920882e+02	  -5.5404218199396425e-03	
   6.9536929690877912e+02	   1.7080540096760174e-02	
