   2.6414414347372569e-02	   1.3913521936144584e+00	
   4.8248500728976185e-02	   1.6099465885027477e+00	
   4.8106902056197505e-02	   1.7738917473030167e+00	
   6.9930096232203032e-02	   2.0050973082528665e+00	
   8.5471929867528135e-02	   2.2236914603350799e+00	
   8.2173312616011726e-02	   2.4002476637938694e+00	
   7.8820234336503772e-02	   2.6398596975604538e+00	
   9.4398375323823433e-02	   2.8164166294374717e+00	
   1.0682675920280423e-01	   2.9971771619319707e+00	
   1.2551834994646818e-01	   3.2115677133967031e+00	
   1.3722684207206953e-01	   3.3229149114178225e+00	
   1.4216953359967416e-01	   3.4546621268888922e+00	
   1.4964338321020115e-01	   3.5830313111930052e+00	
   1.5712306816893484e-01	   3.7046442380432132e+00	
   1.6963589255247913e-01	   3.8532823898290158e+00	
   1.7962047652720448e-01	   4.0019204440548259e+00	
   1.8456608572891264e-01	   4.1302895307989447e+00	
   1.9963340958820661e-01	   4.2485246216021819e+00	
   2.0710142385052666e-01	   4.3836500633601956e+00	
   2.0953338101393293e-01	   4.4951284089095660e+00	
   2.1446148417102032e-01	   4.6437662680153897e+00	
   2.2447524488677981e-01	   4.7586230349716905e+00	
   2.3445982886150515e-01	   4.9072610891975001e+00	
   2.4445608353264442e-01	   5.0423866285155059e+00	
   2.5195327453599842e-01	   5.1437307830040098e+00	
   2.6447485194185300e-01	   5.2822345486089599e+00	
   2.7951008138600941e-01	   5.4376290554086566e+00	
   2.9956386188445894e-01	   5.6369394307787006e+00	
   3.1461367969913245e-01	   5.7754432939436438e+00	
   3.2713817477909041e-01	   5.9105689308216425e+00	
   3.5481752394144461e-01	   6.0625857966943535e+00	
   3.6984400036329096e-01	   6.2281146896749027e+00	
   3.8743372928319691e-01	   6.3531061354920340e+00	
   3.9994363599263766e-01	   6.5051224160047880e+00	
   4.0993989066377684e-01	   6.6402479553227938e+00	
   4.4270197971069947e-01	   6.7618618577729324e+00	
   4.5525273385758819e-01	   6.8665843361083727e+00	
   4.7031130469457189e-01	   6.9949538130924651e+00	
   5.1063769124922764e-01	   7.1402149093112373e+00	
   5.5098741919671046e-01	   7.2584509757144042e+00	
   5.9133714714419328e-01	   7.3766870421175703e+00	
   6.3172188718091726e-01	   7.4543855637973246e+00	
   6.9235005653281290e-01	   7.5118160935953195e+00	
   7.4544602279211347e-01	   7.5084400136282179e+00	
   8.0110232387537028e-01	   7.4679046152246507e+00	
   8.4667192239028222e-01	   7.3969656680385549e+00	
   8.7708083147459093e-01	   7.3158917493116471e+00	
   9.4548920621787225e-01	   7.1469879470839128e+00	
   9.8095751379392204e-01	   7.0625360947500413e+00	
   9.2519325876883896e-01	   7.2280622560507890e+00	
   1.0113780935746446e+00	   6.9679496611153313e+00	
   1.0417899203330567e+00	   6.8834976136614738e+00	
   1.0646082728427020e+00	   6.8091796597084899e+00	
   1.0874470490710710e+00	   6.7112148046668514e+00	
   1.1153335530947679e+00	   6.6233845309260513e+00	
   1.1533476071242574e+00	   6.5186640037904668e+00	
   1.1736464722473940e+00	   6.4342115660966384e+00	
   1.1939453373705304e+00	   6.3497591284028090e+00	
   1.2193123540077184e+00	   6.2517943709211625e+00	
   1.2396170544790619e+00	   6.1605856757734330e+00	
   1.2826992600226028e+00	   6.0423528288500306e+00	
   1.2598984135575779e+00	   6.0964020104413086e+00	
   1.3156597509085579e+00	   5.9342539778675105e+00	
   1.3359936281209353e+00	   5.8092639954502721e+00	
   1.3563187523110025e+00	   5.6944083992138852e+00	
   1.3766409588269666e+00	   5.5829309317044489e+00	
   1.3944115835412845e+00	   5.4984783964506283e+00	
   1.4172474420955499e+00	   5.4038916701359394e+00	
   1.4476796925726865e+00	   5.2957927215934264e+00	
   1.4704980450823311e+00	   5.2214747676404434e+00	
   1.5009390485817775e+00	   5.1032414329170770e+00	
   1.5414959313906027e+00	   4.9816303597067320e+00	
   1.5618239732547734e+00	   4.8633966347433955e+00	
   1.5821403444225308e+00	   4.7586754246878602e+00	
   1.6125959362924940e+00	   4.6235514463297411e+00	
   1.6405057817090178e+00	   4.5086961427733323e+00	
   1.6608221528767750e+00	   4.4039749327177988e+00	
   1.6862095932326866e+00	   4.2823632741474968e+00	
   1.7039948063175221e+00	   4.1810200952589218e+00	
   1.7369552972034765e+00	   4.0729212442764009e+00	
   1.7699332941340526e+00	   3.9445536209321754e+00	
   1.7953178168158606e+00	   3.8263200910888240e+00	
   1.8283016490946427e+00	   3.6911962102906974e+00	
   1.8511054132337714e+00	   3.6337688999724675e+00	
   1.8942401369111732e+00	   3.4547297359639515e+00	
   1.9196304949411886e+00	   3.3297399486666985e+00	
   1.9525880681530401e+00	   3.2250192264111290e+00	
   1.9754414327519261e+00	   3.1101637277347352e+00	
   2.0033541958425531e+00	   2.9919302954513776e+00	
   2.0413711675461461e+00	   2.8838316395888417e+00	
   2.0869845311726096e+00	   2.7622207614984826e+00	
   2.1351319705560980e+00	   2.6338537235142145e+00	
   2.1908728841883542e+00	   2.4953525920290724e+00	
   2.2440855574117911e+00	   2.3568513629839369e+00	
   2.2821112821376941e+00	   2.2386183209405495e+00	
   2.3403833538528724e+00	   2.0967391582884498e+00	
   2.3859937998052314e+00	   1.9785064089250421e+00	
   2.4518418397245560e+00	   1.8467619251337728e+00	
   2.5126217281298295e+00	   1.7285297611303225e+00	
   2.5404907261089065e+00	   1.6609682597512267e+00	
   2.5835554256078268e+00	   1.5630041851895300e+00	
   2.6392584094767373e+00	   1.4684187271547495e+00	
   2.7177534867883635e+00	   1.3299184737095431e+00	
   2.7709399009448696e+00	   1.2218204032069662e+00	
   2.8367879408641943e+00	   1.0900759194156966e+00	
   2.8949987414232012e+00	   1.0191374600295644e+00	
   2.9734500536232762e+00	   9.3130913748862121e-01	
   3.0240732152817227e+00	   8.6374851414946097e-01	
   3.0873404966583657e+00	   7.9281024988331483e-01	
   3.1506136133832183e+00	   7.1511572816326741e-01	
   3.1936462184670007e+00	   6.5431106959802987e-01	
   3.2442606271031367e+00	   5.9688483243972301e-01	
   3.3201661928497712e+00	   5.2932518470049172e-01	
   3.3986087520275370e+00	   4.5163124834040008e-01	
   3.4593332046248442e+00	   3.9758353014901532e-01	
   3.5226150743720059e+00	   3.0975462224811467e-01	
   3.5985177224445382e+00	   2.4557310323583539e-01	
   3.6718804594118364e+00	   1.9490400157136556e-01	
   3.7477743544620581e+00	   1.4085686873993802e-01	
   3.8312442177164270e+00	   9.6944414769340792e-02	
   3.9248328779542776e+00	   4.6276093584813903e-02	
   4.0007209376562924e+00	  -1.0147817927110081e-03	
   4.0993631610376768e+00	  -4.8304779130301588e-02	
   4.2005365425019843e+00	  -9.8972807634849877e-02	
   4.3042294113528001e+00	  -1.3950635239855208e-01	
   4.4256287160876582e+00	  -1.9017360042315740e-01	
   4.5419657046566719e+00	  -2.3408478611384731e-01	
   4.6026522274906352e+00	  -2.4421683085487014e-01	
   4.7341469878161488e+00	  -2.7461491627779905e-01	
   4.8555054451135602e+00	  -2.7798836212509193e-01	
   5.0122680211567463e+00	  -2.9149482831333778e-01	
   5.1690218441776219e+00	  -2.9486690832073043e-01	
   5.3232503444637800e+00	  -3.0161721461506802e-01	
   5.4900996230753103e+00	  -2.8472013202078428e-01	
   5.6139834031074374e+00	  -2.8471535158113365e-01	
   5.7833667574759939e+00	  -2.7457442888075817e-01	
   5.9249423850216454e+00	  -2.6781270806725638e-01	
   6.0311109761474180e+00	  -2.4753983818585090e-01	
   6.1853219703889586e+00	  -2.3402137211848206e-01	
   6.3395300469563933e+00	  -2.1712477732416263e-01	
   6.4633992386180026e+00	  -2.0022935324975769e-01	
   6.6681546173171959e+00	  -1.6306203489387597e-01	
   6.8198140297570902e+00	  -1.2251863657089393e-01	
   6.8855366096899671e+00	  -1.0900358510327554e-01	
   7.0372193635226887e+00	  -9.5485216595899591e-02	
   7.1990034082942715e+00	  -6.8453942940749857e-02	
   7.3304602388564408e+00	  -5.4936354913316846e-02	
   7.5023689159597122e+00	  -4.1417205925997937e-02	
   7.5883145014890365e+00	  -2.4523245251486015e-02	
   7.7526413750399561e+00	  -1.4382517671097770e-02	
   8.0737074832412326e+00	   9.2767735366521727e-03	
   7.9321347733696843e+00	  -8.6307600380024598e-04	
   8.2279155598086682e+00	   2.6173368330973064e-02	
   8.3619181368242774e+00	   1.9422281556692518e-02	
   8.5616432937727627e+00	   2.6186246250031853e-02	
   8.7639054441523783e+00	   2.2815922322509358e-02	
   8.9484582409738493e+00	   3.2957430382842046e-02	
   9.1153308609782062e+00	   2.2829483161518237e-02	
   9.3049488916396239e+00	   2.2836800160983457e-02	
   9.5097363647539552e+00	   2.2844702520405897e-02	
   9.7044196292553195e+00	   1.2717828459003648e-02	
   9.9319466776785053e+00	   2.9617252493117759e-02	
   1.0088700500699382e+01	   2.6245172485723615e-02	
   1.0263152006581988e+01	   2.2873775398281043e-02	
   1.0404730551801743e+01	   2.6257367484833802e-02	
   1.0546312014695598e+01	   2.6262830844434502e-02	
   1.0740986526174655e+01	   2.6270342963885463e-02	
   1.0900271507278454e+01	   1.9520231789535099e-02	
   1.1084827221774026e+01	   2.6283611122915728e-02	
   1.1271919929700728e+01	   2.2912701835437508e-02	
   1.1408436158754640e+01	   3.3052356255904185e-02	
   1.1572777620676073e+01	   2.6302440201539566e-02	
   1.1737119082597509e+01	   1.9552524147174944e-02	
   1.1850886983320258e+01	   2.2935043073804652e-02	
   1.1967186042125928e+01	   2.2939530833476652e-02	
